#Parameters = {charge_param=1e-09; time_step_stability_factor=0.5; cond=100; wakelength=6800; cpw=40}
#"Frequency / GHz"	"Z (95) [Re / Ohm]"	"Z (95) [Im / Ohm]"
#---------------------------------------------------------
0.0000000000000	-0.14017006048570	1.1464289349559e-10
0.0010239144611436	0.0041405942061215	0.59402454800737
0.0020478289222872	0.27064409479682	0.95882680689461
0.0030717433834308	0.42078953097180	1.1798405082547
0.0040956578445743	0.48778910002856	1.4626957928268
0.0051195723057179	0.64396251170186	1.7844204017416
0.0061434867668615	0.86011876668203	1.9788503752483
0.0071674012280051	0.95699380666132	2.0684852879020
0.0081913156891487	0.93328778651867	2.2417924346373
0.0092152301502923	0.97323616269373	2.5262079191281
0.010239144611436	1.1225826985714	2.7473623894800
0.011263059072579	1.2138743922551	2.8457185193884
0.012286973533723	1.1716966088690	2.9838061891625
0.013310887994867	1.1506154738324	3.2552251462859
0.014334802456010	1.2609234016194	3.5174052537041
0.015358716917154	1.3735086499900	3.6462631785534
0.016382631378297	1.3518871464885	3.7572572043363
0.017406545839441	1.2966449728530	3.9987256240922
0.018430460300585	1.3664774540185	4.2868777785528
0.019454374761728	1.4955943965396	4.4550177225409
0.020478289222872	1.5114163122881	4.5505198024401
0.021502203684015	1.4424720081607	4.7501108711489
0.022526118145159	1.4676904282664	5.0446813257408
0.023550032606302	1.5976318591284	5.2553668742374
0.024573947067446	1.6557166187234	5.3521384507548
0.025597861528590	1.5928492949664	5.5072507489901
0.026621775989733	1.5749438755591	5.7883485656101
0.027645690450877	1.6874398294825	6.0378850356886
0.028669604912020	1.7830793948544	6.1536493291628
0.029693519373164	1.7440993786312	6.2708363026500
0.030717433834308	1.6919880705596	6.5213634164338
0.031741348295451	1.7712311853763	6.7989290824436
0.032765262756595	1.8919968240011	6.9482087265789
0.033789177217738	1.8899654597494	7.0414585182780
0.034813091678882	1.8188985320271	7.2500115020560
0.035837006140025	1.8550459025897	7.5392690029766
0.036860920601169	1.9833793236098	7.7301933266906
0.037884835062313	2.0242079059823	7.8180387879666
0.038908749523456	1.9530140545486	7.9809704894093
0.039932663984600	1.9442374008282	8.2630034021225
0.040956578445743	2.0608417164076	8.4955494031843
0.041980492906887	2.1421107872244	8.5974444613697
0.043004407368031	2.0896124577107	8.7195752272739
0.044028321829174	2.0425235618214	8.9764702953551
0.045052236290318	2.1300608781694	9.2423766334894
0.046076150751461	2.2414094785044	9.3749529594538
0.047100065212605	2.2227904035766	9.4687174561064
0.048123979673749	2.1512242722881	9.6870360789291
0.049147894134892	2.1976561326388	9.9713547598812
0.050171808596036	2.3227070195117	10.145233168291
0.051195723057179	2.3465587388630	10.228380971294
0.052219637518323	2.2689606232740	10.401815775901
0.053243551979466	2.2698986638994	10.685781435007
0.054267466440610	2.3893655096413	10.903530934265
0.055291380901754	2.4559915406705	10.995794687017
0.056315295362897	2.3919057884547	11.126476178912
0.057339209824041	2.3515136856694	11.391132751086
0.058363124285184	2.4468969608196	11.646765353466
0.059387038746328	2.5482061614332	11.766122796862
0.060410953207472	2.5145344931783	11.864309586041
0.061434867668615	2.4447961502123	12.094196204062
0.062458782129759	2.5019583868313	12.374300368436
0.063482696590902	2.6229763080067	12.533542928369
0.064506611052046	2.6307212175079	12.615741319305
0.065530525513189	2.5492023143670	12.801926711430
0.066554439974333	2.5611317570909	13.088231023218
0.067578354435477	2.6828477866773	13.292499927135
0.068602268896620	2.7349679514739	13.378363399925
0.069626183357764	2.6614886006151	13.520241443819
0.070650097818907	2.6297129035041	13.793126508812
0.071674012280051	2.7327244105424	14.038897398486
0.072697926741195	2.8235212770281	14.147493549046
0.073721841202338	2.7763704579067	14.252986346868
0.074745755663482	2.7107379966650	14.495277158965
0.075769670124625	2.7789957807181	14.770999122458
0.076793584585769	2.8951587745119	14.917157333204
0.077817499046912	2.8875728173576	15.001276466567
0.078841413508056	2.8044304963794	15.201590967955
0.079865327969200	2.8283669583481	15.489871982714
0.080889242430343	2.9514902707605	15.681315643994
0.081913156891487	2.9890752493165	15.763345831581
0.082937071352630	2.9081811841216	15.918352469314
0.083960985813774	2.8866152176611	16.199282767791
0.084984900274918	2.9967131955843	16.435102889712
0.086008814736061	3.0763125607698	16.534938772509
0.087032729197205	3.0170656676391	16.650082069346
0.088056643658348	2.9575083749455	16.905067938803
0.089080558119492	3.0368630644769	17.175843714456
0.090104472580635	3.1471009836711	17.310177164863
0.091128387041779	3.1248068868708	17.398719184996
0.092152301502923	3.0420962328443	17.614094767185
0.093176215964066	3.0787006538938	17.903651790471
0.094200130425210	3.2021107931743	18.082740983303
0.095224044886353	3.2250013623392	18.163288410284
0.096247959347497	3.1385128489939	18.333010048515
0.097271873808641	3.1284442446764	18.621493808330
0.098295788269784	3.2447890304541	18.847141520838
0.099319702730928	3.3123758196085	18.940121332388
0.10034361719207	3.2423336510394	19.067019186165
0.10136753165321	3.1905923232004	19.334705210668
0.10239144611436	3.2807468927636	19.599845299437
0.10341536057550	3.3838377439752	19.723595414011
0.10443927503665	3.3474265260659	19.818927188917
0.10546318949779	3.2670634532137	20.050042146769
0.10648710395893	3.3167222413018	20.340029500559
0.10751101842008	3.4391135239160	20.507252907277
0.10853493288122	3.4471359937122	20.588629620608
0.10955884734236	3.3568202177566	20.774449469822
0.11058276180351	3.3593120329565	21.069822883335
0.11160667626465	3.4808483185669	21.285091083060
0.11263059072579	3.5355777016246	21.373157524273
0.11365450518694	3.4560558139276	21.513779797874
0.11467841964808	3.4137175191440	21.793981654469
0.11570233410923	3.5141451083279	22.052778010971
0.11672624857037	3.6087977974441	22.167272455787
0.11775016303151	3.5589141817657	22.271707154582
0.11877407749266	3.4827424845816	22.519054716377
0.11979799195380	3.5456234876785	22.808558974066
0.12082190641494	3.6655710010091	22.964504240534
0.12184582087609	3.6586099869575	23.049048188902
0.12286973533723	3.5662400223456	23.252195759020
0.12389364979837	3.5821755451838	23.553678190339
0.12491756425952	3.7076828146428	23.758437753547
0.12594147872066	3.7487402354398	23.843624903700
0.12696539318180	3.6611202467004	23.999844335952
0.12798930764295	3.6296538745094	24.292227377830
0.12901322210409	3.7396342502685	24.544003397682
0.13003713656524	3.8245360340105	24.650701697605
0.13106105102638	3.7619226283377	24.766529005341
0.13208496548752	3.6917425263476	25.030445496631
0.13310887994867	3.7678198597847	25.318525390272
0.13413279440981	3.8838153000601	25.463920596087
0.13515670887095	3.8618518652511	25.554023331121
0.13618062333210	3.7692309868274	25.775595720887
0.13720453779324	3.7993298373180	26.082321597440
0.13822845225438	3.9274477114801	26.276560313178
0.13925236671553	3.9540818036896	26.361022155379
0.14027628117667	3.8598344721879	26.534632497027
0.14130019563781	3.8406022382250	26.838736904278
0.14232411009896	3.9592388751234	27.082883241821
0.14334802456010	4.0330834999035	27.183406686943
0.14437193902125	3.9586041107262	27.312909625048
0.14539585348239	3.8961818547073	27.593593273603
0.14641976794353	3.9852457617782	27.879311057840
0.14744368240468	4.0957195813238	28.015056062921
0.14846759686582	4.0588545548669	28.113180847465
0.14949151132696	3.9678264425329	28.354157248976
0.15051542578811	4.0126496951256	28.665202215010
0.15153934024925	4.1418940036944	28.849056276316
0.15256325471039	4.1534390598619	28.935086890334
0.15358716917154	4.0541360141982	29.127814506706
0.15461108363268	4.0483951361277	29.443075732389
0.15563499809382	4.1746242030300	29.679081005622
0.15665891255497	4.2361315837837	29.775236644508
0.15768282701611	4.1507851498018	29.920703667935
0.15870674147726	4.0978542500509	30.218230615720
0.15973065593840	4.1995146029996	30.500680734101
0.16075457039954	4.3028521997665	30.627874596074
0.16177848486069	4.2513223870876	30.736570623984
0.16280239932183	4.1637739602395	30.997824626323
0.16382631378297	4.2237232585229	31.312230665381
0.16485022824412	4.3524972578166	31.486014819959
0.16587414270526	4.3483907264144	31.576066975429
0.16689805716640	4.2457111456085	31.789581749589
0.16792197162755	4.2546116106933	32.115351173395
0.16894588608869	4.3872084346350	32.342832488937
0.16996980054984	4.4351420200498	32.436635981265
0.17099371501098	4.3400736678077	32.600371857042
0.17201762947212	4.2983332813955	32.914711666860
0.17304154393327	4.4120210273233	33.193049209360
0.17406545839441	4.5065774038125	33.313016975238
0.17508937285555	4.4407701617975	33.434932657991
0.17611328731670	4.3586327168553	33.717243799901
0.17713720177784	4.4339480397089	34.034043701822
0.17816111623898	4.5605525106331	34.198280381682
0.17918503070013	4.5403510558280	34.294982769886
0.18020894516127	4.4360864463528	34.530907827226
0.18123285962241	4.4606667957032	34.866472670797
0.18225677408356	4.5982505100155	35.085205597922
0.18328068854470	4.6314327904369	35.178903503367
0.18430460300585	4.5279427843068	35.363239828722
0.18532851746699	4.4990539380290	35.694271095884
0.18635243192813	4.6240206181829	35.967740712287
0.18737634638928	4.7081333010940	36.082060733425
0.18840026085042	4.6285992832893	36.219957610167
0.18942417531156	4.5538477208146	36.524023990422
0.19044808977271	4.6446035723909	36.842267407455
0.19147200423385	4.7672459648571	36.997717558888
0.19249591869499	4.7306408921897	37.103893365058
0.19351983315614	4.6266989858992	37.363815895236
0.19454374761728	4.6678809117199	37.708420565679
0.19556766207842	4.8089181516577	37.918371087228
0.19659157653957	4.8262458102077	38.014465207145
0.19761549100071	4.7157983908845	38.221772591102
0.19863940546186	4.7013798547556	38.569300048537
0.19966331992300	4.8366967030128	38.837266629582
0.20068723438414	4.9086986336400	38.947799712794
0.20171114884529	4.8161646747569	39.104567653269
0.20273506330643	4.7508162217009	39.431019376461
0.20375897776757	4.8569164720149	39.749800157164
0.20478289222872	4.9737186461405	39.897496276038
0.20580680668986	4.9205504944497	40.016184318277
0.20683072115100	4.8189585053501	40.301668722778
0.20785463561215	4.8775404817457	40.654538546205
0.20887855007329	5.0203481269262	40.855897930193
0.20990246453443	5.0208067482522	40.957172673754
0.21092637899558	4.9050385268254	41.189875406768
0.21195029345672	4.9066613480965	41.553649489335
0.21297420791787	5.0512164747837	41.815632445780
0.21399812237901	5.1094477090865	41.924555775419
0.21502203684015	5.0048296275159	42.103232935061
0.21604595130130	4.9509426399791	42.452649755388
0.21706986576244	5.0721151347764	42.771137713992
0.21809378022358	5.1811214189418	42.912421947512
0.21911769468473	5.1113959157516	43.046902468820
0.22014160914587	5.0143050740505	43.359506947013
0.22116552360701	5.0909560394540	43.719875144427
0.22218943806816	5.2337035501521	43.913099233164
0.22321335252930	5.2163829453864	44.022654085751
0.22423726699045	5.0971127063163	44.283249094203
0.22526118145159	5.1162955024788	44.662988979447
0.22628509591273	5.2687910830414	44.918700519578
0.22730901037388	5.3116110348180	45.028546182957
0.22833292483502	5.1960275796785	45.232342715994
0.22935683929616	5.1557003669566	45.605274334150
0.23038075375731	5.2914897309998	45.922750421106
0.23140466821845	5.3906730211329	46.059317978274
0.23242858267959	5.3045762976851	46.213144312930
0.23345249714074	5.2142657242813	46.554442519978
0.23447641160188	5.3095167723457	46.921582595408
0.23550032606302	5.4502263641672	47.107438512180
0.23652424052417	5.4143355805361	47.228728933817
0.23754815498531	5.2935749621499	47.519811904984
0.23857206944646	5.3317788967108	47.915234753336
0.23959598390760	5.4907268013200	48.164625835234
0.24061989836874	5.5165261587951	48.278328904443
0.24164381282989	5.3913146518487	48.510659711402
0.24266772729103	5.3666857906049	48.907653491862
0.24369164175217	5.5164462503853	49.223552839026
0.24471555621332	5.6037146925967	49.357505164552
0.24573947067446	5.5016314066368	49.534545026264
0.24676338513560	5.4205153774144	49.906155002566
0.24778729959675	5.5347527776601	50.279419466181
0.24881121405789	5.6712998193004	50.459040320908
0.24983512851903	5.6161837778887	50.595927604633
0.25085904298018	5.4961503397228	50.920226485079
0.25188295744132	5.5547744430232	51.331083006026
0.25290687190247	5.7184903810064	51.574397670185
0.25393078636361	5.7257029673290	51.695354982509
0.25495470082475	5.5924370465991	51.959882208839
0.25597861528590	5.5856867348785	52.381518557126
0.25700252974704	5.7485733576772	52.695482239775
0.25802644420818	5.8217758358736	52.829391945561
0.25905035866933	5.7043088545542	53.033880685142
0.26007427313047	5.6349457241728	53.437503229282
0.26109818759161	5.7684025168827	53.816371699116
0.26212210205276	5.8985135365124	53.991324307654
0.26314601651390	5.8236704564581	54.148140511683
0.26416993097504	5.7068037826920	54.508561747739
0.26519384543619	5.7871810887363	54.934682501844
0.26621775989733	5.9537771565552	55.172525426645
0.26724167435848	5.9408923126308	55.304670767985
0.26826558881962	5.8014035676755	55.605361329074
0.26928950328076	5.8147577399563	56.052300842796
0.27031341774191	5.9897167800074	56.364240472199
0.27133733220305	6.0466478368941	56.501233278260
0.27236124666419	5.9146412934848	56.737844771736
0.27338516112534	5.8597466132397	57.175316076702
0.27440907558648	6.0124949205395	57.559457009317
0.27543299004762	6.1337452446479	57.731827248271
0.27645690450877	6.0388476977646	57.913459763022
0.27748081896991	5.9278316902546	58.313150610653
0.27850473343106	6.0312282035406	58.754505475079
0.27952864789220	6.1986047225858	58.987925805164
0.28055256235334	6.1641813685761	59.135825363385
0.28157647681449	6.0205864897185	59.477026870270
0.28260039127563	6.0563243647155	59.950071987422
0.28362430573677	6.2420821697067	60.260250857299
0.28464822019792	6.2804864618610	60.404109820451
0.28567213465906	6.1350539135883	60.678049832581
0.28669604912020	6.0975191506324	61.151411274120
0.28771996358135	6.2694622086684	61.540759875507
0.28874387804249	6.3792708502926	61.713260286102
0.28976779250363	6.2641889813484	61.925262280243
0.29079170696478	6.1619795819553	62.367695048325
0.29181562142592	6.2895940670811	62.824471660084
0.29283953588707	6.4554278149921	63.055071175012
0.29386345034821	6.3981091690007	63.224049635758
0.29488736480935	6.2528442647058	63.610594499473
0.29591127927050	6.3133110680659	64.110773326902
0.29693519373164	6.5083614939401	64.419911746183
0.29795910819278	6.5259374708476	64.575213306600
0.29898302265393	6.3684964123461	64.892345556409
0.30000693711507	6.3514149871422	65.403939920172
0.30103085157621	6.5422795132353	65.798801834251
0.30205476603736	6.6379023231042	65.974913188691
0.30307868049850	6.5027330262178	66.223652214858
0.30410259495964	6.4125967787934	66.712740286447
0.30512650942079	6.5655650977898	67.185449308648
0.30615042388193	6.7272957467331	67.415523947154
0.30717433834308	6.6458274586007	67.611831959175
0.30819825280422	6.5016938206787	68.049179394587
0.30922216726536	6.5893216162566	68.577859805666
0.31024608172651	6.7919126388357	68.887274237895
0.31126999618765	6.7863173048182	69.059568665256
0.31229391064879	6.6186352391387	69.426585651079
0.31331782510994	6.6253411894833	69.979188310895
0.31434173957108	6.8346717629520	70.380376662241
0.31536565403222	6.9131926864595	70.564534201386
0.31638956849337	6.7582967895935	70.857391663431
0.31741348295451	6.6838637187901	71.397648004467
0.31843739741565	6.8632685004037	71.887264450156
0.31946131187680	7.0180814653617	72.119991292059
0.32048522633794	6.9113332747897	72.351029665251
0.32150914079909	6.7715575042649	72.845459614412
0.32253305526023	6.8888950799857	73.404504765565
0.32355696972137	7.0970111550620	73.716293822883
0.32458088418252	7.0658623760628	73.912348370302
0.32560479864366	6.8901146979351	74.337007007894
0.32662871310480	6.9242351015974	74.934009918670
0.32765262756595	7.1513885823557	75.343034140701
0.32867654202709	7.2097066592552	75.540881899859
0.32970045648823	7.0357564533362	75.886529403254
0.33072437094938	6.9810925574095	76.483290561229
0.33174828541052	7.1879804886598	76.991452221172
0.33277219987167	7.3327858587678	77.231147333951
0.33379611433281	7.1997804976836	77.505778241366
0.33482002879395	7.0680983943676	78.064665658869
0.33584394325510	7.2178590414127	78.656654923309
0.33686785771624	7.4292044054932	78.973957469503
0.33789177217738	7.3700879129849	79.202092016006
0.33891568663853	7.1889405768950	79.693542419882
0.33993960109967	7.2544743942780	80.339212634810
0.34096351556081	7.4986200443598	80.758539640265
0.34198743002196	7.5334350299071	80.977279918267
0.34301134448310	7.3414802398753	81.386062973524
0.34403525894424	7.3111905910314	82.045804117129
0.34505917340539	7.5466023049364	82.575089186677
0.34608308786653	7.6780090380673	82.827564314721
0.34710700232768	7.5179610643906	83.156544331647
0.34813091678882	7.3987332412121	83.788746280552
0.34915483124996	7.5838640245074	84.417289051225
0.35017874571111	7.7958420023341	84.744646951656
0.35120266017225	7.7063193532331	85.015205953264
0.35222657463339	7.5230415358369	85.584459950821
0.35325048909454	7.6244717371338	86.284313527259
0.35427440355568	7.8845965278812	86.717743000885
0.35529831801682	7.8923914109120	86.966633698639
0.35632223247797	7.6839520183083	87.451121178348
0.35734614693911	7.6833291392720	88.181913806702
0.35837006140025	7.9483494494799	88.736244919056
0.35939397586140	8.0626365482926	89.009319566772
0.36041789032254	7.8750111905917	89.405921135800
0.36144180478369	7.7733914872009	90.122338397807
0.36246571924483	7.9971810786671	90.792532670805
0.36348963370597	8.2068753469543	91.136414744777
0.36451354816712	8.0845012205444	91.462445574210
0.36553746262826	7.9031291557666	92.123055688295
0.36656137708940	8.0455897631801	92.884406194372
0.36758529155055	8.3205165101702	93.337619008044
0.36860920601169	8.2975400364443	93.628694099090
0.36963312047283	8.0747423346633	94.204477612734
0.37065703493398	8.1099839474401	95.016664080719
0.37168094939512	8.4058238846918	95.601906465310
0.37270486385627	8.4989081894541	95.906158302440
0.37372877831741	8.2835099820113	96.387080089182
0.37475269277855	8.2056915337666	97.201489710951
0.37577660723970	8.4719351291427	97.920610800776
0.37680052170084	8.6760956599242	98.290193868681
0.37782443616198	8.5184528946955	98.688450506183
0.37884835062313	8.3440347292738	99.457520787339
0.37987226508427	8.5335647273582	100.29030728147
0.38089617954541	8.8219950024975	100.77169290729
0.38192009400656	8.7642511210767	101.12083795560
0.38294400846770	8.5300362189212	101.80772703643
0.38396792292884	8.6085746234019	102.71494247809
0.38499183738999	8.9367091543282	103.33981778356
0.38601575185113	9.0041178353747	103.68971729189
0.38703966631228	8.7612361166593	104.27645528482
0.38806358077342	8.7148268834174	105.20677603877
0.38908749523456	9.0280879638299	105.98533701379
0.39011140969571	9.2231330516223	106.39370203281
0.39113532415685	9.0279034952633	106.88617059052
0.39215923861799	8.8668765046563	107.78590189077
0.39318315307914	9.1108149933849	108.70397456165
0.39420706754028	9.4114190029999	109.22591936688
0.39523098200142	9.3146778335716	109.65452803643
0.39625489646257	9.0731342494742	110.47839122697
0.39727881092371	9.2041508659339	111.49915889132
0.39830272538485	9.5665557193286	112.17668648821
0.39932663984600	9.6034198607320	112.59236868989
0.40035055430714	9.3340770650366	113.31334623111
0.40137446876829	9.3286910533249	114.38362362616
0.40239838322943	9.6947286780676	115.23706549571
0.40342229769057	9.8767892522428	115.70309685710
0.40444621215172	9.6419015634031	116.31939478251
0.40547012661286	9.5026994687358	117.37952533119
0.40649404107400	9.8103242163352	118.40270919414
0.40751795553515	10.121925497134	118.98367404436
0.40854186999629	9.9817910860497	119.52128985076
0.40956578445743	9.7387083478515	120.51698827517
0.41058969891858	9.9339654508005	121.67729764515
0.41161361337972	10.333533445004	122.42715487233
0.41263752784086	10.334639884925	122.93729598277
0.41366144230201	10.041034980414	123.83130200168
0.41468535676315	10.089264156030	125.07494372086
0.41570927122430	10.515761764642	126.02643829032
0.41673318568544	10.680830516215	126.57796385384
0.41775710014658	10.404773240658	127.35926533437
0.41878101460773	10.298850994400	128.62108069183
0.41980492906887	10.682457605598	129.77862767328
0.42082884353001	11.004418660694	130.44664583072
0.42185275799116	10.816542374244	131.13535868026
0.42287667245230	10.580387817593	132.35162088293
0.42390058691344	10.855646766631	133.68927588384
0.42492450137459	11.296966888562	134.54183550142
0.42594841583573	11.256978141689	135.18852875475
0.42697233029688	10.943331903208	136.31050407957
0.42799624475802	11.062430120003	137.77577850907
0.42902015921916	11.560301821655	138.86108305691
0.43004407368031	11.704633910078	139.54030722046
0.43106798814145	11.387134037188	140.54606595484
0.43209190260259	11.330794728443	142.06929659083
0.43311581706374	11.807620828761	143.40593809124
0.43413973152488	12.140670710662	144.20479642600
0.43516364598602	11.901325118115	145.10692352122
0.43618756044717	11.685070485529	146.61484728741
0.43721147490831	12.062644739310	148.18717087799
0.43823538936945	12.553530890633	149.19077210767
0.43925930383060	12.467630866832	150.03824225951
0.44028321829174	12.141888305929	151.46955188675
0.44130713275289	12.356873572168	153.22945588032
0.44233104721403	12.942762984660	154.50580566340
0.44335496167517	13.063911503656	155.37925693228
0.44437887613632	12.707477499616	156.69938468853
0.44540279059746	12.725363175420	158.57475913348
0.44642670505860	13.321262197323	160.16194938585
0.44745061951975	13.669363573389	161.16277883992
0.44847453398089	13.376942516599	162.37511345791
0.44949844844203	13.201742432132	164.28391763896
0.45052236290318	13.715445364187	166.18227480566
0.45154627736432	14.270175459203	167.41717158664
0.45257019182546	14.135870462963	168.56837593606
0.45359410628661	13.813408217550	170.43624804984
0.45461802074775	14.163247467585	172.60740312395
0.45564193520890	14.864708868110	174.17092041565
0.45666584967004	14.964239970583	175.34894762576
0.45768976413118	14.577892624369	177.12744821886
0.45871367859233	14.710246384255	179.50119244965
0.45973759305347	15.467337316111	181.45954402981
0.46076150751461	15.842222057118	182.78419883684
0.46178542197576	15.501288455705	184.46646806210
0.46280933643690	15.404605723552	186.95493496102
0.46383325089804	16.110270046243	189.33427361558
0.46485716535919	16.757115246535	190.94155902693
0.46588107982033	16.579350722372	192.57242719435
0.46690499428147	16.291849686652	195.08981959380
0.46792890874262	16.843087122033	197.87174895421
0.46895282320376	17.710495461028	199.89450483121
0.46997673766491	17.801550895356	201.57290119204
0.47100065212605	17.410667628847	204.05789426613
0.47202456658719	17.730171816447	207.18396150861
0.47304848104834	18.724634849676	209.73225184298
0.47407239550948	19.157953164906	211.60503885044
0.47509630997062	18.790969553080	214.04236071807
0.47612022443177	18.846752954268	217.42791570588
0.47714413889291	19.847463980191	220.57305321749
0.47816805335405	20.648446614598	222.82096960469
0.47919196781520	20.455283601589	225.25864092392
0.48021588227634	20.274754698398	228.81497588017
0.48123979673749	21.155773914539	232.58092083283
0.48226371119863	22.293686066196	235.39892880211
0.48328762565977	22.424393289493	237.95829131236
0.48431154012092	22.100125030176	241.62064413860
0.48533545458206	22.757034266804	245.98576668340
0.48635936904320	24.147184595827	249.56150340251
0.48738328350435	24.727907272780	252.43845801128
0.48840719796549	24.413685639813	256.19658910848
0.48943111242663	24.791055929958	261.10762996167
0.49045502688778	26.308465849648	265.60269340096
0.49147894134892	27.420484214180	269.06037733810
0.49250285581006	27.318035893913	272.98823042581
0.49352677027121	27.433922019999	278.38694964323
0.49455068473235	28.938230530751	283.92628001497
0.49557459919350	30.604920367058	288.28158898918
0.49659851365464	30.943782416401	292.56327657568
0.49762242811578	30.908250107359	298.42517596256
0.49864634257693	32.278414377978	305.09992276126
0.49967025703807	34.464812963979	310.70869364754
0.50069417149921	35.480025015855	315.65987515500
0.50171808596036	35.506590701966	322.04400295012
0.50274200042150	36.683564849787	329.93329379323
0.50376591488264	39.313010572294	337.18163720593
0.50478982934379	41.227764532264	343.26857000087
0.50581374380493	41.639912590045	350.37851703910
0.50683765826607	42.676760357908	359.59620525269
0.50786157272722	45.669727499486	368.90886726349
0.50888548718836	48.693507406799	376.77264138500
0.50990940164951	49.934104674983	385.03263062164
0.51093331611065	51.057605571359	395.80783923399
0.51195723057179	54.401500801710	407.68987050251
0.51298114503294	58.760800171489	418.19212951467
0.51400505949408	61.423012506902	428.35096051971
0.51502897395522	63.122789636515	441.15912018732
0.51605288841637	66.993498435774	456.29790374862
0.51707680287751	73.028552699508	470.62072506986
0.51810071733865	77.951384494010	483.91559396285
0.51912463179980	81.143627116352	499.69641141706
0.52014854626094	86.135624846573	519.17531705508
0.52117246072208	94.543422290816	539.04196307030
0.52219637518323	103.08135701102	557.49663996097
0.52322028964437	109.48287053109	578.04264339752
0.52424420410552	117.11723930540	603.77431138448
0.52526811856666	129.57111210228	631.93324715499
0.52629203302780	144.35847357539	658.95946877692
0.52731594748895	157.49812525734	687.66520634957
0.52833986195009	171.57111161423	723.27710519675
0.52936377641123	192.49609115393	764.54778072180
0.53038769087238	219.81947194042	806.19429205923
0.53141160533352	248.24942137426	849.51575584603
0.53243551979466	279.20273843189	902.04092377656
0.53345943425581	321.86563116318	965.24985659128
0.53448334871695	380.33950510752	1032.1717684107
0.53550726317810	449.95897383027	1101.1430790087
0.53653117763924	532.45033990232	1181.4502365997
0.53755509210038	644.74658653805	1277.2653968988
0.53857900656153	803.62037260771	1375.7212998832
0.53960292102267	1013.0367322678	1461.5525307672
0.54062683548381	1282.8304875467	1529.0571980257
0.54165074994496	1646.3300316530	1552.0810952273
0.54267466440610	2119.4114042677	1444.3530516517
0.54369857886724	2622.5597984122	1092.7713212580
0.54472249332839	2972.8035887501	470.74473661009
0.54574640778953	2999.6498759577	-284.95688169577
0.54677032225067	2686.4172513982	-942.52884566047
0.54779423671182	2185.6755837238	-1338.6757077378
0.54881815117296	1691.0714535971	-1473.8841884238
0.54984206563411	1304.3219588921	-1457.0684354107
0.55086598009525	1020.3382749811	-1386.4883485199
0.55188989455639	802.36149413322	-1297.5166839677
0.55291380901754	635.84251316131	-1195.5177104126
0.55393772347868	517.93177913955	-1093.7772988745
0.55496163793982	433.75612385303	-1007.4393859716
0.55598555240097	364.27202342683	-935.02830585392
0.55700946686211	304.90052293929	-866.05708398088
0.55803338132325	260.92096310031	-799.79684687467
0.55905729578440	230.25379382542	-743.74817482593
0.56008121024554	203.22131623194	-698.41762848230
0.56110512470668	176.39751785287	-656.02563413084
0.56212903916783	155.04092848142	-613.39674401694
0.56315295362897	141.28439657657	-575.62482575826
0.56417686809012	129.47706535495	-545.51497982523
0.56520078255126	115.54953939480	-518.22322960617
0.56622469701240	102.95536509783	-489.55457708486
0.56724861147355	95.419603047656	-462.43501138928
0.56827252593469	90.050956213587	-440.73546805854
0.56929644039583	82.466796409203	-422.11781677997
0.57032035485698	74.105499975723	-402.17184072016
0.57134426931812	69.035042706262	-381.81334660364
0.57236818377926	66.552193222404	-365.01502516752
0.57339209824041	62.568686531157	-351.49819563384
0.57441601270155	56.746820496222	-337.29413532197
0.57543992716269	52.707623755134	-321.64569220022
0.57646384162384	51.422531209162	-307.93649486451
0.57748775608498	49.617633999787	-297.43689274892
0.57851167054613	45.621448294829	-287.10533956199
0.57953558500727	42.102460662731	-274.99006596363
0.58055949946841	41.147952125867	-263.44475223698
0.58158341392956	40.632905928326	-254.71950173915
0.58260732839070	38.092424023329	-246.98079400439
0.58363124285184	34.984691026596	-237.63201348071
0.58465515731299	33.931585257085	-227.79606424901
0.58567907177413	34.078914303999	-220.12214137253
0.58670298623527	32.724565338237	-214.05150206175
0.58772690069642	30.086531409075	-206.88874261832
0.58875081515756	28.774915205333	-198.54654013654
0.58977472961871	29.124766827666	-191.54326426142
0.59079864407985	28.695293369781	-186.46538248405
0.59182255854099	26.629437350966	-180.99106545229
0.59284647300214	25.074311056484	-174.02784760230
0.59387038746328	25.305158501717	-167.54259119916
0.59489430192442	25.523402289105	-162.98287868166
0.59591821638557	24.106572856331	-158.74364962455
0.59694213084671	22.430350317514	-153.06234388406
0.59796604530785	22.349416666145	-147.08561554789
0.59898995976900	22.931156353273	-142.74277622174
0.60001387423014	22.177911560206	-139.32588906546
0.60103778869128	20.554339739450	-134.80113730790
0.60206170315243	20.088672372715	-129.39802835120
0.60308561761357	20.766429624505	-125.12052421173
0.60410953207472	20.616654219413	-122.16735652073
0.60513344653586	19.222954699099	-118.62731373436
0.60615736099700	18.403387734659	-113.88180104081
0.60718127545815	18.953762236789	-109.64045655607
0.60820518991929	19.279163349913	-106.86504089998
0.60922910438043	18.257794545471	-104.09419543618
0.61025301884158	17.194108892306	-100.06674200428
0.61127693330272	17.460762699477	-95.921531243335
0.61230084776386	18.085176035589	-93.125712003229
0.61332476222501	17.517720863145	-90.882451670138
0.61434867668615	16.366931145053	-87.582359725460
0.61537259114729	16.274054554886	-83.645052815336
0.61639650560844	17.001989761021	-80.724940136771
0.61742042006958	16.896957710808	-78.767445837110
0.61844433453073	15.828721846233	-76.140751753643
0.61946824899187	15.382380579648	-72.537140053471
0.62049216345301	16.029921187447	-69.478351567528
0.62151607791416	16.324671021841	-67.592443816188
0.62253999237530	15.488687060862	-65.524646756615
0.62356390683644	14.765955163694	-62.360846831895
0.62458782129759	15.188416754741	-59.222671363823
0.62561173575873	15.763507421722	-57.245877746881
0.62663565021987	15.263522286176	-55.577063705579
0.62765956468102	14.391499911255	-52.914064705755
0.62868347914216	14.503239095042	-49.804891544475
0.62970739360330	15.205802089980	-47.642265227520
0.63073130806445	15.083759831314	-46.190663782378
0.63175522252559	14.212266281952	-44.030078942195
0.63277913698674	13.995660786811	-41.078025474982
0.63380305144788	14.667212891607	-38.707056419286
0.63482696590902	14.899363316610	-37.296126339531
0.63585088037017	14.172037716632	-35.578360466027
0.63687479483131	13.674647827850	-32.901824757273
0.63789870929245	14.178318836491	-30.365877010670
0.63892262375360	14.683106969351	-28.849826801530
0.63994653821474	14.211731675035	-27.463900296726
0.64097045267588	13.532700879767	-25.146667260923
0.64199436713703	13.775236097660	-22.538409402791
0.64301828159817	14.430891213139	-20.821660339325
0.64404219605932	14.277031821750	-19.624118214081
0.64506611052046	13.545571773443	-17.698758591801
0.64609002498160	13.490595463914	-15.136747769104
0.64711393944275	14.158831118072	-13.184154823986
0.64813785390389	14.325480989703	-12.023149555739
0.64916176836503	13.675504331595	-10.464936428042
0.65018568282618	13.346187238764	-8.0675794322298
0.65120959728732	13.897569934982	-5.9039859453734
0.65223351174846	14.331680699346	-4.6439666350100
0.65325742620961	13.877132326357	-3.3756822025761
0.65428134067075	13.348314763041	-1.2370913901892
0.65530525513189	13.684788965774	1.0632816100059
0.65632916959304	14.289677136574	2.5207042820201
0.65735308405418	14.104801834600	3.6145496077725
0.65837699851533	13.486440038425	5.4427809972734
0.65940091297647	13.557186803805	7.7748544173061
0.66042482743761	14.212148560406	9.4774262580922
0.66144874189876	14.319903862560	10.529989274260
0.66247265635990	13.735142037402	12.048249639246
0.66349657082104	13.543279882071	14.298962826222
0.66452048528219	14.126615341078	16.239791674649
0.66554439974333	14.496892549222	17.378897034132
0.66656831420447	14.058865734021	18.639039892232
0.66759222866562	13.658203268873	20.710401082451
0.66861614312676	14.069408929515	22.833798749233
0.66964005758790	14.626942443209	24.160787193594
0.67066397204905	14.418479715226	25.256210806315
0.67168788651019	13.901315082844	27.084464701601
0.67271180097134	14.078521754457	29.300220541931
0.67373571543248	14.718670760345	30.874386736486
0.67475962989362	14.778401227428	31.922909636126
0.67578354435477	14.256907470089	33.490592466720
0.67680745881591	14.186625310898	35.693826201887
0.67783137327705	14.795880816767	37.525056437164
0.67885528773820	15.112980530413	38.647986931681
0.67987920219934	14.697767774907	39.987021385652
0.68090311666048	14.415481976691	42.079871813934
0.68192703112163	14.892831486313	44.130532993824
0.68295094558277	15.411035149487	45.431879573092
0.68397486004391	15.190857548254	46.617516161749
0.68499877450506	14.772697720928	48.528720636326
0.68602268896620	15.047956375951	50.724165534051
0.68704660342735	15.677783128937	52.273781585560
0.68807051788849	15.704030211741	53.410839583684
0.68909443234963	15.251337706967	55.109761533145
0.69011834681078	15.297227998374	57.355280767938
0.69114226127192	15.933924277638	59.178902111623
0.69216617573306	16.212553180568	60.383102832667
0.69319009019421	15.832387963265	61.885880520335
0.69421400465535	15.668380744005	64.086848567787
0.69523791911649	16.212140689200	66.164654817831
0.69626183357764	16.704294777022	67.542638345037
0.69728574803878	16.489571478725	68.909612081534
0.69830966249993	16.177045591080	70.991086060630
0.69933357696107	16.551748997837	73.264827475403
0.70035749142221	17.182692330130	74.896588526077
0.70138140588336	17.195597227594	76.221783513823
0.70240532034450	16.825471005610	78.144032753707
0.70342923480564	16.992567148638	80.531216505628
0.70445314926679	17.667077589415	82.458152682656
0.70547706372793	17.928729281040	83.853012678047
0.70650097818907	17.604054145704	85.620289342692
0.70752489265022	17.569188055965	88.032679151073
0.70854880711136	18.190422297851	90.253350696218
0.70957272157250	18.678527839787	91.827922644117
0.71059663603365	18.495396682332	93.489097646937
0.71162055049479	18.306768044187	95.852073544912
0.71264446495594	18.795060785944	98.326322672458
0.71366837941708	19.449822690877	100.17148789008
0.71469229387822	19.480177691122	101.81270560014
0.71571620833937	19.219162174947	104.08196767433
0.71674012280051	19.527321077842	106.74251626840
0.71776403726165	20.264340183658	108.91660727171
0.71878795172280	20.543843428569	110.64759158452
0.71981186618394	20.309824145734	112.82027958990
0.72083578064508	20.432216443084	115.58959418142
0.72185969510623	21.159897097281	118.11187802296
0.72288360956737	21.683045944083	120.04866948410
0.72390752402851	21.575437107174	122.16707574225
0.72493143848966	21.549371256919	124.97638934077
0.72595535295080	22.187569823124	127.82861226853
0.72697926741195	22.910874706425	130.07614751925
0.72800318187309	23.011790869730	132.22363627594
0.72902709633423	22.911162682854	135.03072312161
0.73005101079538	23.407679622113	138.16644970006
0.73107492525652	24.260252348680	140.80440441120
0.73209883971766	24.621126771142	143.09463909958
0.73312275417881	24.543760564644	145.89727664864
0.73414666863995	24.885770429229	149.25737195616
0.73517058310109	25.785349697010	152.33207753035
0.73619449756224	26.420052151823	154.89393315731
0.73721841202338	26.471343649479	157.73690652191
0.73824232648452	26.689887896273	161.26848606742
0.73926624094567	27.561415026410	164.79264895268
0.74029015540681	28.447241223176	167.75403477079
0.74131406986796	28.723418343884	170.72886248390
0.74233798432910	28.890471157960	174.40454192187
0.74336189879024	29.683984051831	178.36514221008
0.74438581325139	30.770502956472	181.83924126282
0.74540972771253	31.344943382503	185.07730370721
0.74643364217367	31.564060012653	188.91173071865
0.74745755663482	32.268983052194	193.28512759608
0.74848147109596	33.493424696838	197.36224069492
0.74950538555710	34.409013317622	201.02339779797
0.75052930001825	34.801913575034	205.08481455343
0.75155321447939	35.455718999919	209.85702133098
0.75257712894054	36.762615415592	214.60441436213
0.75360104340168	38.032230903654	218.86433259482
0.75462495786282	38.724704068848	223.28022386593
0.75564887232397	39.415351163427	228.46976736541
0.75667278678511	40.777793275979	233.94081549028
0.75769670124625	42.393929767108	238.98086467322
0.75872061570740	43.505023074514	243.93835146694
0.75974453016854	44.368296938454	249.61925626159
0.76076844462968	45.808547832029	255.87209604085
0.76179235909083	47.762128341109	261.87589209860
0.76281627355197	49.400806506107	267.61931982114
0.76384018801311	50.615633175456	273.94268086595
0.76486410247426	52.224169680963	281.06783968465
0.76588801693540	54.532276163572	288.22837572200
0.76691193139655	56.805898479504	295.05833013261
0.76793584585769	58.592914324274	302.27268300083
0.76895976031883	60.547463600183	310.42915617672
0.76998367477998	63.290646913671	318.97032252448
0.77100758924112	66.330419530748	327.25009039459
0.77203150370226	68.962010211189	335.72337265602
0.77305541816341	71.552394651438	345.18373234488
0.77407933262455	74.925512482189	355.40034532507
0.77510324708569	78.936919049129	365.57782636492
0.77612716154684	82.771984508703	375.82729709504
0.77715107600798	86.444195524541	387.03514620492
0.77817499046912	90.832750730197	399.35709730201
0.77919890493027	96.187072796007	412.01280848804
0.78022281939141	101.75467203410	424.75400917534
0.78124673385256	107.20299999106	438.40173517973
0.78227064831370	113.31556841199	453.49102559830
0.78329456277484	120.71976905366	469.42628825164
0.78431847723599	128.90239043866	485.65750540077
0.78534239169713	137.27397991589	502.79783902090
0.78636630615827	146.40658343149	521.69042538811
0.78739022061942	157.24426621849	542.07088925409
0.78841413508056	169.68139609508	563.20968911407
0.78943804954170	183.04906436117	585.41132772354
0.79046196400285	197.67626178663	609.70376932075
0.79148587846399	214.76461791970	636.24828718592
0.79250979292513	234.79358162476	664.29358962897
0.79353370738628	257.31008794412	693.77927837417
0.79455762184742	282.53586118180	725.73976927745
0.79558153630857	311.98600032721	760.74748629204
0.79660545076971	347.01574377924	798.12558676666
0.79762936523085	387.92111839543	837.33073288547
0.79865327969200	435.31198935012	879.01825316233
0.79967719415314	491.45367164034	923.76131424927
0.80070110861428	559.27047860027	970.50436994940
0.80172502307543	640.86247297658	1017.3022067399
0.80274893753657	738.34583489112	1062.7133030216
0.80377285199771	855.66312094855	1104.7226892903
0.80479676645886	997.94976900344	1138.1174724159
0.80582068092000	1168.8630381625	1153.8011171669
0.80684459538115	1369.1856322064	1139.9153245652
0.80786850984229	1596.3086451687	1081.4345667915
0.80889242430343	1840.2743254651	959.10086447365
0.80991633876458	2076.7159254284	754.23347240388
0.81094025322572	2265.5710537913	461.95866322381
0.81196416768686	2363.3680530416	103.83311498238
0.81298808214801	2344.0295086633	-273.37121431846
0.81401199660915	2212.8201460569	-615.32285177788
0.81503591107029	2002.7617631161	-882.28774350945
0.81605982553144	1757.4075814765	-1060.8489269768
0.81708373999258	1513.1284814313	-1160.3399849414
0.81810765445372	1290.9273078213	-1200.6863912128
0.81913156891487	1098.3404319862	-1201.4933392977
0.82015548337601	935.58150597442	-1177.4296531928
0.82117939783716	800.22233382053	-1138.6901355915
0.82220331229830	688.76893266229	-1092.6238647189
0.82322722675944	596.94324559098	-1044.1964330799
0.82425114122059	520.55807549953	-995.92662288485
0.82527505568173	456.62056035842	-948.73839105023
0.82629897014287	403.25940760717	-903.36959273583
0.82732288460402	358.67179620888	-860.75571765006
0.82834679906516	320.77421683687	-821.25572967277
0.82937071352630	288.02147318156	-784.35857467354
0.83039462798745	259.86746625419	-749.58600707865
0.83141854244859	235.95102928986	-717.17644676038
0.83244245690973	215.30770631474	-687.43894849568
0.83346637137088	196.90647086842	-659.93415506028
0.83449028583202	180.53066928827	-633.94302774812
0.83551420029317	166.41443634001	-609.43605005349
0.83653811475431	154.22020216776	-586.85409212887
0.83756202921545	143.12210667467	-566.07586679640
0.83858594367660	132.84028101148	-546.38589905693
0.83960985813774	123.79275918960	-527.51233574020
0.84063377259888	116.07227149595	-509.91092711950
0.84165768706003	109.03521801844	-493.78286837421
0.84268160152117	102.22885808871	-478.55133485992
0.84370551598231	96.020158316845	-463.72760012477
0.84472943044346	90.802925705036	-449.64285523881
0.84575334490460	86.172264848937	-436.74495897975
0.84677725936574	81.527390765089	-424.69423852981
0.84780117382689	77.041711274475	-412.86041796852
0.84882508828803	73.278373039885	-401.34836571448
0.84984900274918	70.121851305457	-390.73411201014
0.85087291721032	66.916729815346	-380.96987875969
0.85189683167146	63.574080745583	-371.39681908684
0.85292074613261	60.684940523236	-361.84942717941
0.85394466059375	58.432032712346	-352.89537935739
0.85496857505489	56.225739459902	-344.77877469880
0.85599248951604	53.714893558270	-336.93699076398
0.85701640397718	51.382812852468	-328.95275132552
0.85804031843832	49.666283973530	-321.25629479547
0.85906423289947	48.155676594532	-314.32765226945
0.86008814736061	46.298416978155	-307.80947670217
0.86111206182176	44.362036256075	-301.10717254881
0.86213597628290	42.945287234757	-294.41598388908
0.86315989074404	41.899806874431	-288.35033266527
0.86418380520519	40.577183860124	-282.82814528225
0.86520771966633	38.967620501441	-277.19092980145
0.86623163412747	37.708668677103	-271.35110952799
0.86725554858862	36.943717777716	-265.93005582658
0.86827946304976	36.055867738473	-261.13711769164
0.86930337751090	34.753898223982	-256.37848952561
0.87032729197205	33.583734272465	-251.29436047516
0.87135120643319	32.953351989509	-246.38469765989
0.87237512089433	32.400168007127	-242.10885547556
0.87339903535548	31.405007720242	-238.05515937758
0.87442294981662	30.310049407684	-233.65794980562
0.87544686427777	29.707999912855	-229.19177618574
0.87647077873891	29.383915789952	-225.27487898541
0.87749469320005	28.690754284326	-221.76023108444
0.87851860766120	27.695234495379	-217.98507092235
0.87954252212234	27.057789573531	-213.93938106255
0.88056643658348	26.856066801638	-210.27724748703
0.88159035104463	26.441885205265	-207.14713869006
0.88261426550577	25.589424936142	-203.91862611790
0.88363817996691	24.895651868940	-200.29458773972
0.88466209442806	24.718128184679	-196.83413588689
0.88568600888920	24.535765634868	-193.95392338681
0.88670992335034	23.871303308104	-191.18028098620
0.88773383781149	23.138698381301	-187.98372723440
0.88875775227263	22.907254863134	-184.71557056106
0.88978166673378	22.887262267445	-181.98017185779
0.89080558119492	22.441430239593	-179.55530782995
0.89182949565606	21.716466241294	-176.78059963727
0.89285341011721	21.382828900938	-173.72704459736
0.89387732457835	21.441731348670	-171.06856328874
0.89490123903949	21.219821517629	-168.88037737819
0.89592515350064	20.564443317257	-166.49962535450
0.89694906796178	20.115701096972	-163.69934003486
0.89797298242292	20.168454596543	-161.09016923717
0.89899689688407	20.145585973501	-159.03263597166
0.90002081134521	19.621769817009	-156.99162234094
0.90104472580635	19.080044598121	-154.48324378350
0.90206864026750	19.053830560308	-151.93335990134
0.90309255472864	19.176883711955	-149.91941635081
0.90411646918979	18.831910390131	-148.14044468663
0.90514038365093	18.247913999535	-145.94776380091
0.90616429811207	18.094327619040	-143.49620687817
0.90718821257322	18.290074266828	-141.46848365866
0.90821212703436	18.145182153810	-139.85923382788
0.90923604149550	17.586681682909	-137.98049149345
0.91025995595665	17.289731363411	-135.68232194755
0.91128387041779	17.477423310634	-133.61928933292
0.91230778487893	17.521904385562	-132.08567865018
0.91333169934008	17.059162228795	-130.48879447051
0.91435561380122	16.637359411896	-128.39976817200
0.91537952826237	16.743232586673	-126.31581513159
0.91640344272351	16.935054366728	-124.77615002391
0.91742735718465	16.625968370071	-123.40063921365
0.91845127164580	16.127975413736	-121.56237715914
0.91947518610694	16.098776357868	-119.50158850064
0.92049910056808	16.371576661766	-117.89909752373
0.92152301502923	16.249331860804	-116.66420082965
0.92254692949037	15.743884849166	-115.09259745181
0.92357084395151	15.556701570158	-113.11724186077
0.92459475841266	15.831782715837	-111.42838721512
0.92561867287380	15.897394363068	-110.24574167420
0.92664258733494	15.459381159059	-108.92477287581
0.92766650179609	15.125801461266	-107.10059229198
0.92869041625723	15.326799011709	-105.33741155976
0.92971433071838	15.548006128739	-104.12575107928
0.93073824517952	15.243335119238	-103.00785841179
0.93176215964066	14.807024599776	-101.38891680315
0.93278607410181	14.874371723232	-99.594801106455
0.93380998856295	15.191116196857	-98.293755018574
0.93483390302409	15.063283676740	-97.306706013513
0.93585781748524	14.591376420352	-95.922664837559
0.93688173194638	14.493735246818	-94.162266025903
0.93790564640752	14.829212494137	-92.742506210949
0.93892956086867	14.890183295677	-91.801412656047
0.93995347532981	14.460075840428	-90.649688912239
0.94097738979095	14.200454293040	-88.994811992392
0.94200130425210	14.475620020143	-87.462483977783
0.94302521871324	14.702826044507	-86.484642667329
0.94404913317439	14.386884288517	-85.528984016586
0.94507304763553	14.002176222168	-84.043129469785
0.94609696209667	14.150904938398	-82.437603931760
0.94712087655782	14.490996861861	-81.357258802688
0.94814479101896	14.342121241619	-80.533040799660
0.94916870548010	13.896083714127	-79.257554104512
0.95019261994125	13.878033055959	-77.642833591468
0.95121653440239	14.256723722411	-76.422962189480
0.95224044886353	14.297579005510	-75.648230325536
0.95326436332468	13.868522629309	-74.592746228868
0.95428827778582	13.677159912651	-73.044094877627
0.95531219224696	14.013307816286	-71.682858049741
0.95633610670811	14.231355639567	-70.873005344406
0.95736002116925	13.896880271083	-70.012077079059
0.95838393563040	13.561045812910	-68.600401863128
0.95940785009154	13.782278953474	-67.130918946709
0.96043176455268	14.131640613195	-66.214164568023
0.96145567901383	13.953344901353	-65.490786021909
0.96247959347497	13.531965694146	-64.267759550667
0.96350350793611	13.588823415154	-62.751151109630
0.96452742239726	13.998694981153	-61.681801978222
0.96555133685840	14.009832922840	-61.017211151679
0.96657525131954	13.580723556043	-60.004028767164
0.96759916578069	13.456537879053	-58.516981421908
0.96862308024183	13.844596851042	-57.283851215379
0.96964699470298	14.043116584761	-56.591770463214
0.97067090916412	13.687967609956	-55.773759069992
0.97169482362526	13.402505739645	-54.392944088502
0.97271873808641	13.690768927415	-53.021214082347
0.97374265254755	14.039162446066	-52.223806806521
0.97476656700869	13.827583973600	-51.552008752549
0.97579048146984	13.433649351906	-50.338338245176
0.97681439593098	13.563716369731	-48.884395081308
0.97783831039212	13.995794244632	-47.926835198498
0.97886222485327	13.971508390508	-47.326331045305
0.97988613931441	13.545073916161	-46.312094749779
0.98091005377555	13.489793717871	-44.852242231532
0.98193396823670	13.923172976428	-43.713040615422
0.98295788269784	14.095074208697	-43.096490304411
0.98398179715899	13.720767989388	-42.277919922489
0.98500571162013	13.489993073587	-40.893068903571
0.98602962608127	13.841938301826	-39.588071713981
0.98705354054242	14.181827429747	-38.871896247473
0.98807745500356	13.936529090192	-38.208668015714
0.98910136946470	13.575752360626	-36.967912986168
0.99012528392585	13.779337190978	-35.547088462705
0.99114919838699	14.226871507182	-34.667169332487
0.99217311284813	14.164588286190	-34.089034751898
0.99319702730928	13.746625117012	-33.035289773449
0.99422094177042	13.764074817456	-31.572813412639
0.99524485623156	14.238081412325	-30.496638495069
0.99626877069271	14.379069883128	-29.915993170621
0.99729268515385	13.990300437206	-29.056508561216
0.99831659961500	13.820875681329	-27.635968271119
0.99934051407614	14.234923329189	-26.368799283690
1.0003644285373	14.561238131562	-25.696829685494
1.0013883429984	14.284997992618	-25.000504589000
1.0024122574596	13.965792351720	-23.698016874501
1.0034361719207	14.245054525018	-22.281764451412
1.0044600863819	14.703497856006	-21.445065860442
1.0054840008430	14.603816010148	-20.847174112400
1.0065079153041	14.203207944924	-19.715657445211
1.0075318297653	14.299359830287	-18.220559699921
1.0085557442264	14.811380463346	-17.174990319851
1.0095796586876	14.920239815013	-16.588512642547
1.0106035731487	14.525155919293	-15.646192356916
1.0116274876099	14.426371933597	-14.156791106702
1.0126514020710	14.903099727071	-12.895808458046
1.0136753165321	15.213758576595	-12.227261736337
1.0146992309933	14.913123685801	-11.452701881590
1.0157231454544	14.647144553437	-10.050734246294
1.0167470599156	15.006721016237	-8.6064744681878
1.0177709743767	15.474508638184	-7.7732076361403
1.0187948888379	15.342056989424	-7.1079300814157
1.0198188032990	14.971626192829	-5.8554036200572
1.0208427177602	15.155506766301	-4.2921615325027
1.0218666322213	15.706074687272	-3.2377686019471
1.0228905466824	15.785861576104	-2.5960752878680
1.0239144611436	15.397282291063	-1.5218179063297
