#Parameters = {charge_param=1e-09; time_step_stability_factor=0.5; cond=100; wakelength=2540; cpw=40}
#"Frequency / GHz"	"Z (93) [Re / Ohm]"	"Z (93) [Im / Ohm]"
#---------------------------------------------------------
0.0000000000000	2.4630293987802	1.2040288640713e-10
0.0010239144611436	2.1450684446454	-0.82104826553421
0.0020478289222872	1.2880736109370	-1.3013797859577
0.0030717433834308	0.15416112218573	-1.2016915366307
0.0040956578445743	-0.90662066887007	-0.45576564635370
0.0051195723057179	-1.5597265998727	0.80866168874035
0.0061434867668615	-1.5854112490162	2.3060589869739
0.0071674012280051	-0.94477157889075	3.6758453529916
0.0081913156891487	0.20691685368102	4.5876440317358
0.0092152301502923	1.5636687765415	4.8383316122649
0.010239144611436	2.7565852839655	4.4124861629358
0.011263059072579	3.4605291611409	3.4884384306124
0.012286973533723	3.4886522226891	2.3879406807523
0.013310887994867	2.8471961312563	1.4838912374533
0.014334802456010	1.7344761383058	1.0928081873615
0.015358716917154	0.48415466808893	1.3832582759916
0.016382631378297	-0.53088629657370	2.3268897438612
0.017406545839441	-1.0062717164798	3.7064002140730
0.018430460300585	-0.79422275070110	5.1782612435099
0.019454374761728	0.053589370911609	6.3721125460211
0.020478289222872	1.3009367304391	6.9980563775323
0.021502203684015	2.5954436486804	6.9307390584448
0.022526118145159	3.5707378148360	6.2457959895981
0.023550032606302	3.9527474351590	5.1980288974551
0.024573947067446	3.6393056197311	4.1475831677300
0.025597861528590	2.7299334735841	3.4554948899402
0.026621775989733	1.4971088669152	3.3788933156292
0.027645690450877	0.30730480027404	3.9962777232133
0.028669604912020	-0.48532743066210	5.1845888473513
0.029693519373164	-0.64178951063754	6.6547798431819
0.030717433834308	-0.10772195915658	8.0356133564147
0.031741348295451	0.97066280439255	8.9813979368710
0.032765262756595	2.2888770299988	9.2724014784904
0.033789177217738	3.4724558764183	8.8787749412602
0.034813091678882	4.1856580853040	7.9693874834329
0.035837006140025	4.2290191068436	6.8629543024707
0.036860920601169	3.5974126132458	5.9355957571982
0.037884835062313	2.4817176252739	5.5116347813843
0.038908749523456	1.2135510326689	5.7693354644808
0.039932663984600	0.16906206461324	6.6889786168129
0.040956578445743	-0.34030662440765	8.0584011195767
0.041980492906887	-0.15837099673732	9.5344497424195
0.043004407368031	0.67025526643672	10.742555781936
0.044028321829174	1.9129132122862	11.385543290072
0.045052236290318	3.2163017667492	11.330069090294
0.046076150751461	4.2090096370894	10.645555401901
0.047100065212605	4.6094257585563	9.5842491002806
0.048123979673749	4.3076806253901	8.5081330332913
0.049147894134892	3.3977786331141	7.7838632956577
0.050171808596036	2.1505246186571	7.6762220173791
0.051195723057179	0.93503879011322	8.2710441178920
0.052219637518323	0.11160230469086	9.4500512586275
0.053243551979466	-0.073064797581581	10.924972198427
0.054267466440610	0.44234198428667	12.321111125532
0.055291380901754	1.5156495465440	13.286143833851
0.056315295362897	2.8422588306792	13.592558153705
0.057339209824041	4.0434606709674	13.203958850169
0.058363124285184	4.7764148376049	12.285916852167
0.059387038746328	4.8338596347758	11.158131182510
0.060410953207472	4.2045579814998	10.201722591076
0.061434867668615	3.0768542713854	9.7485376199774
0.062458782129759	1.7842235223418	9.9846099140967
0.063482696590902	0.70855138813923	10.895859554834
0.064506611052046	0.16919260078191	12.271878379108
0.065530525513189	0.33003242681055	13.766791795624
0.066554439974333	1.1515941731504	14.999596996784
0.067578354435477	2.4021865388764	15.664875375396
0.068602268896620	3.7249471619889	15.621714195554
0.069626183357764	4.7413866892677	14.934953049653
0.070650097818907	5.1613956765948	13.856684695702
0.071674012280051	4.8677468724665	12.753285575803
0.072697926741195	3.9504837067974	11.999093611515
0.073721841202338	2.6811097033675	11.867582894231
0.074745755663482	1.4339745343882	12.451667409355
0.075769670124625	0.57761515988802	13.636355529346
0.076793584585769	0.36758602625670	15.131801459964
0.077817499046912	0.87193794782370	16.557257446951
0.078841413508056	1.9510728361216	17.551615677519
0.079865327969200	3.2979353931820	17.878452633156
0.080889242430343	4.5269737189432	17.495024857515
0.081913156891487	5.2861002078322	16.565085211260
0.082937071352630	5.3591463363210	15.411681316844
0.083960985813774	4.7290033017566	14.423538877712
0.084984900274918	3.5830096046076	13.942154485644
0.086008814736061	2.2588994410609	14.162386828888
0.087032729197205	1.1469034953375	15.075479127260
0.088056643658348	0.57637501319932	16.471170180616
0.089080558119492	0.71987393145167	17.998407221356
0.090104472580635	1.5426371718064	19.267134185113
0.091128387041779	2.8122281268126	19.961647741153
0.092152301502923	4.1656935033597	19.932584588645
0.093176215964066	5.2148286693755	19.240742904357
0.094200130425210	5.6590279272660	18.139885088000
0.095224044886353	5.3729206048598	17.003381952377
0.096247959347497	4.4432493862199	16.215899322314
0.097271873808641	3.1441466602161	16.061542732533
0.098295788269784	1.8578517702250	16.640980421118
0.099319702730928	0.96379406712923	17.841716344024
0.10034361719207	0.72822126313554	19.370288012010
0.10136753165321	1.2264729580081	20.837178007857
0.10239144611436	2.3205856059199	21.869876079945
0.10341536057550	3.6988814680935	22.221280854462
0.10443927503665	4.9661855347820	21.841902373225
0.10546318949779	5.7585621364642	20.894773072963
0.10648710395893	5.8492647354738	19.708581540136
0.10751101842008	5.2150607344870	18.682497666782
0.10853493288122	4.0435355976476	18.170242652491
0.10955884734236	2.6790936774502	18.377066935648
0.11058276180351	1.5231958937259	19.299635782618
0.11160667626465	0.91772620865835	20.726424829835
0.11263059072579	1.0453650192818	22.298677591856
0.11365450518694	1.8759952418649	23.614363089579
0.11467841964808	3.1748597273885	24.345016120324
0.11570233410923	4.5702727103766	24.331510584224
0.11672624857037	5.6613601785346	23.630846744270
0.11775016303151	6.1346050318962	22.500200803896
0.11877407749266	5.8553210620071	21.322693167538
0.11979799195380	4.9073726263613	20.496296872724
0.12082190641494	3.5694315385355	20.318092585245
0.12184582087609	2.2344872927423	20.897526465736
0.12286973533723	1.2958533233241	22.123992561489
0.12389364979837	1.0327284748254	23.698336558269
0.12491756425952	1.5286038689086	25.219313485538
0.12594147872066	2.6463542624218	26.300018684465
0.12696539318180	4.0674385106899	26.680514188826
0.12798930764295	5.3840081057435	26.303872776994
0.12901322210409	6.2172961423084	25.333399364041
0.13003713656524	6.3279284612974	24.105829682896
0.13106105102638	5.6860372987974	23.033914030290
0.13208496548752	4.4806467053450	22.486562111865
0.13310887994867	3.0653980816213	22.681345687378
0.13413279440981	1.8561942768817	23.620676250658
0.13515670887095	1.2103808715205	25.090373894352
0.13618062333210	1.3225546754300	26.721255536453
0.13720453779324	2.1673716906242	28.096038613052
0.13822845225438	3.5061574114140	28.870611726498
0.13925236671553	4.9556180547103	28.874436655551
0.14027628117667	6.0988776601123	28.160794636068
0.14130019563781	6.6066818938040	26.992079272855
0.14232411009896	6.3335372839439	25.764184022431
0.14334802456010	5.3607211899135	24.891767240378
0.14437193902125	3.9734549061893	24.687639230724
0.14539585348239	2.5786420044543	25.271346799515
0.14641976794353	1.5868908114003	26.533663864125
0.14744368240468	1.2930196107530	28.167528417248
0.14846759686582	1.7898118443672	29.756671388055
0.14949151132696	2.9402439937723	30.896363245425
0.15051542578811	4.4164897985882	31.311262023904
0.15153934024925	5.7946053450745	30.936056622761
0.15256325471039	6.6775546608418	29.935293728631
0.15358716917154	6.8108830258794	28.656382424192
0.15461108363268	6.1573457400295	27.529192019630
0.15563499809382	4.9086118047759	26.941252473611
0.15665891255497	3.4303867894263	27.124781045466
0.15768282701611	2.1566599276169	28.088461497071
0.15870674147726	1.4636487271888	29.614010800678
0.15973065593840	1.5600461116740	31.318795268754
0.16075457039954	2.4255797148345	32.766541726410
0.16177848486069	3.8159643135536	33.594119186250
0.16280239932183	5.3330810442582	33.617557442251
0.16382631378297	6.5402294397430	32.886358533512
0.16485022824412	7.0890963837743	31.670075874883
0.16587414270526	6.8215354444513	30.380780750713
0.16689805716640	5.8164245201538	29.453710469543
0.16792197162755	4.3677271527878	29.220658681050
0.16894588608869	2.8998460231392	29.812929495835
0.16996980054984	1.8446346215411	31.122232126839
0.17099371501098	1.5156989556735	32.831152843256
0.17201762947212	2.0165665064293	34.504641195268
0.17304154393327	3.2096040628773	35.716150707504
0.17406545839441	4.7550039760597	36.171870109842
0.17508937285555	6.2088054669786	35.796872952819
0.17611328731670	7.1516843342558	34.757934609300
0.17713720177784	7.3111599566281	33.416085471875
0.17816111623898	6.6416136313124	32.222389807332
0.17918503070013	5.3386286686167	31.587027959452
0.18020894516127	3.7831718267208	31.759670149710
0.18123285962241	2.4315373194391	32.756020597396
0.18225677408356	1.6828376943983	34.352134646334
0.18328068854470	1.7625123105004	36.148485135826
0.18430460300585	2.6558445527687	37.685459478008
0.18532851746699	4.1110839595235	38.576909306223
0.18635243192813	5.7116012595066	38.622958270320
0.18737634638928	6.9964050913297	37.869123461768
0.18840026085042	7.5941692282555	36.594274043860
0.18942417531156	7.3318145528564	35.230581755791
0.19044808977271	6.2859050008895	34.238432471748
0.19147200423385	4.7616071438260	33.972494550499
0.19249591869499	3.2049752734367	34.577895676436
0.19351983315614	2.0737643288604	35.946890657774
0.19454374761728	1.7041751623780	37.748945463364
0.19556766207842	2.2123119581116	39.525854041947
0.19659157653957	3.4592245266567	40.824527177819
0.19761549100071	5.0900446177182	41.328982835854
0.19863940546186	6.6362071339509	40.953099755762
0.19966331992300	7.6513216729422	39.866918981146
0.20068723438414	7.8413069903051	38.448483091439
0.20171114884529	7.1508626545736	37.174841484775
0.20273506330643	5.7808632860319	36.483635878156
0.20375897776757	4.1312380766861	36.645415079861
0.20478289222872	2.6855661107706	37.683920684285
0.20580680668986	1.8706775621613	39.367819259858
0.20683072115100	1.9320107244912	41.276680544504
0.20785463561215	2.8611108738648	42.922396746886
0.20887855007329	4.3966747246517	43.890989859348
0.20990246453443	6.0992468874398	43.963621895860
0.21092637899558	7.4782276262052	43.181448642139
0.21195029345672	8.1344976287301	41.835111603182
0.21297420791787	7.8772098291101	40.381500264448
0.21399812237901	6.7805851149772	39.311611770118
0.21502203684015	5.1638249815483	39.007713046863
0.21604595130130	3.4995469705683	39.631346024979
0.21706986576244	2.2769961871270	41.074975147844
0.21809378022358	1.8596099357754	42.991733056058
0.21911769468473	2.3783892882278	44.895060209582
0.22014160914587	3.6923476452301	46.299629940436
0.22116552360701	5.4279562450073	46.862756514227
0.22218943806816	7.0865700908647	46.485099504137
0.22321335252930	8.1889522319202	45.341085463431
0.22423726699045	8.4150227218889	43.829759451070
0.22526118145159	7.6980950790911	42.459898103799
0.22628509591273	6.2458703195933	41.702447663045
0.22730901037388	4.4816213918827	41.853070704483
0.22833292483502	2.9222065318716	42.944905331834
0.22935683929616	2.0280536703291	44.737264171160
0.23038075375731	2.0686419500845	46.784041577651
0.23140466821845	3.0427659613825	48.562403430927
0.23242858267959	4.6771591080808	49.624651488488
0.23345249714074	6.5043770032215	49.729167776257
0.23447641160188	7.9977593933089	48.912156478142
0.23550032606302	8.7245194824713	47.478900357579
0.23652424052417	8.4724770715276	45.916556922300
0.23754815498531	7.3133404667336	44.753388881052
0.23857206944646	5.5836837229111	44.405090614803
0.23959598390760	3.7886185824209	45.052898912965
0.24061989836874	2.4557142230743	46.589212281936
0.24164381282989	1.9813952277262	48.647013694322
0.24266772729103	2.5145218754809	50.705086152209
0.24369164175217	3.9113249463603	52.238875542929
0.24471555621332	5.7753099579556	52.873352644394
0.24573947067446	7.5710830924647	52.493346959677
0.24676338513560	8.7794386908735	51.278911119259
0.24778729959675	9.0488020801042	49.654894026810
0.24881121405789	8.2988730067853	48.168821881767
0.24983512851903	6.7459349002050	47.332172405787
0.25085904298018	4.8419055722416	47.471038693294
0.25188295744132	3.1442823075776	48.629766467160
0.25290687190247	2.1543909852336	50.556021439002
0.25393078636361	2.1708501126591	52.772218753355
0.25495470082475	3.2010623874376	54.713117403293
0.25597861528590	4.9569454725921	55.889957906279
0.25700252974704	6.9367564554827	56.033500963197
0.25802644420818	8.5697906747458	55.174127056296
0.25905035866933	9.3822445541597	53.635191895977
0.26007427313047	9.1360586641153	51.940935462029
0.26109818759161	7.9000754254951	50.665151737388
0.26212210205276	6.0322685012741	50.264283765464
0.26314601651390	4.0775576730297	50.943473133318
0.26416993097504	2.6103570655347	52.594853349846
0.26519384543619	2.0673305365624	54.826619123894
0.26621775989733	2.6190267645996	57.075089181959
0.26724167435848	4.1181066884283	58.767733705452
0.26826558881962	6.1398429372956	59.490038877362
0.26928950328076	8.1037995667523	59.107599579950
0.27031341774191	9.4418545775614	57.807503409705
0.27133733220305	9.7639495835783	56.046312094149
0.27236124666419	8.9732327334051	54.419069935291
0.27338516112534	7.2966304386960	53.486900188831
0.27440907558648	5.2212643671083	53.613117863295
0.27543299004762	3.3544973689989	54.855702451771
0.27645690450877	2.2477946799935	56.947929279047
0.27748081896991	2.2354571636533	59.373517321689
0.27850473343106	3.3353612522653	61.515152526199
0.27952864789220	5.2411490693068	62.833685476061
0.28055256235334	7.4088955491186	63.026011784399
0.28157647681449	9.2137641525898	62.115430333501
0.28260039127563	10.131558415477	60.447575813427
0.28362430573677	9.8924446376819	58.592324595347
0.28464822019792	8.5617932703840	57.179486484084
0.28567213465906	6.5239546718702	56.715631114344
0.28669604912020	4.3728778062560	57.435297106428
0.28771996358135	2.7406716600769	59.230260340695
0.28874387804249	2.1135662965826	61.678153384750
0.28976779250363	2.6888281400387	64.162945945046
0.29079170696478	4.3147058821057	66.052950068676
0.29181562142592	6.5316406270569	66.884944869652
0.29283953588707	8.7036087744021	66.500783379142
0.29386345034821	10.202089565293	65.096228440944
0.29488736480935	10.589475344908	63.167000879131
0.29591127927050	9.7484341063443	61.366859936762
0.29693519373164	7.9190165743694	60.318317079382
0.29795910819278	5.6318578981821	60.430758825453
0.29898302265393	3.5560164097507	61.779086836505
0.30000693711507	2.3050506321527	64.078817766895
0.30103085157621	2.2575098329809	66.765785112700
0.30205476603736	3.4443241305809	69.158157788539
0.30307868049850	5.5365544315145	70.654281266839
0.30410259495964	7.9380057559283	70.908971116431
0.30512650942079	9.9566695191804	69.936639267799
0.30615042388193	11.005728901658	68.110488189848
0.30717433834308	10.775777294838	66.057028544835
0.30819825280422	9.3277439560616	64.475695873734
0.30922216726536	7.0786662057337	63.935468487959
0.31024608172651	4.6834320701317	64.707591622236
0.31126999618765	2.8459872768242	66.683549831737
0.31229391064879	2.1143956703151	69.403040842726
0.31331782510994	2.7193790575772	72.184861288240
0.31434173957108	4.5038626670127	74.323529863826
0.31536565403222	6.9649748641831	75.294935245056
0.31638956849337	9.3973610828611	74.911104630617
0.31741348295451	11.097010044117	73.378435484403
0.31843739741565	11.566733021682	71.241436487679
0.31946131187680	10.663364882794	69.227239888614
0.32048522633794	8.6431514219491	68.035246013565
0.32150914079909	6.0910459036567	68.132715272514
0.32253305526023	3.7533570958949	69.616007519550
0.32355696972137	2.3215840489573	72.178629719540
0.32458088418252	2.2300053264266	75.196518499337
0.32560479864366	3.5262256861508	77.906891546606
0.32662871310480	5.8532154872862	79.629458332428
0.32765262756595	8.5492547504853	79.965886712970
0.32867654202709	10.837863241899	78.919090961527
0.32970045648823	12.053248996597	76.896680472783
0.33072437094938	11.835865310926	74.596325758971
0.33174828541052	10.240687517990	72.805226466284
0.33277219987167	7.7256689802047	72.171274787694
0.33379611433281	5.0224443266592	73.012389364419
0.33482002879395	2.9257284620781	75.220080591641
0.33584394325510	2.0619821541289	78.286426073473
0.33686785771624	2.7046312405965	81.447945734759
0.33789177217738	4.6902865615596	83.905682817181
0.33891568663853	7.4615448399873	85.058106967368
0.33993960109967	10.225299057152	84.679004905296
0.34096351556081	12.181654521681	82.987814665853
0.34198743002196	12.757434333944	80.590652595832
0.34301134448310	11.776167550663	78.307770719165
0.34403525894424	9.5142108665756	76.936506039846
0.34505917340539	6.6253065784619	77.018174162713
0.34608308786653	3.9540717831367	78.677000550955
0.34710700232768	2.2915684993211	81.578950445055
0.34813091678882	2.1436309368038	85.023884515137
0.34915483124996	3.5797345925507	88.145711494337
0.35017874571111	6.2074859462519	90.163387327404
0.35120266017225	9.2816815716411	90.610088650801
0.35222657463339	11.917713043950	89.473388927196
0.35325048909454	13.348271716631	87.204434700792
0.35427440355568	13.148928541402	84.591850132960
0.35529831801682	11.366343086489	82.535533321409
0.35632223247797	8.5104684565464	81.785162267786
0.35734614693911	5.4113457167767	82.719329455863
0.35837006140025	2.9806195438445	85.230304421890
0.35939397586140	1.9462229732671	88.749397261263
0.36041789032254	2.6373709322684	92.407286684215
0.36144180478369	4.8832877342120	95.284201628235
0.36246571924483	8.0566927987130	96.678039062117
0.36348963370597	11.251200072645	96.312345557978
0.36451354816712	13.542547703741	94.422645795124
0.36553746262826	14.258450322358	91.694327038130
0.36656137708940	13.178370993047	89.068284762615
0.36758529155055	10.603944125692	87.469360103248
0.36860920601169	7.2777717006620	87.535869029147
0.36963312047283	4.1722974598983	89.429240639239
0.37065703493398	2.2086927944948	92.780440486809
0.37168094939512	1.9869296117480	96.790668805059
0.37270486385627	3.6060425456448	100.45900518045
0.37372877831741	6.6283148354357	102.87222649415
0.37475269277855	10.199821977517	103.47298324679
0.37577660723970	13.294271889832	102.22768938903
0.37680052170084	15.010612472632	99.643685012918
0.37782443616198	14.838206744610	96.628554165132
0.37884835062313	12.811643124335	94.230484746536
0.37987226508427	9.5083884869900	93.333851690989
0.38089617954541	5.8877349099590	94.398334656635
0.38192009400656	3.0158287856671	97.318423245162
0.38294400846770	1.7554909496667	101.44609756662
0.38396792292884	2.5109581475146	105.77242152738
0.38499183738999	5.1029409829187	109.21730007992
0.38601575185113	8.8124244806525	110.94431010338
0.38703966631228	12.582904013014	110.60896653579
0.38806358077342	15.324307755259	108.46687590483
0.38908749523456	16.231300941736	105.30806996322
0.39011140969571	15.023155128153	102.23409319383
0.39113532415685	12.033881725698	100.34061398671
0.39215923861799	8.1239977004496	100.39688947213
0.39318315307914	4.4369736824846	102.61573109874
0.39420706754028	2.0691563549610	106.58261488393
0.39523098200142	1.7483090453243	111.36713853969
0.39625489646257	3.6148814409557	115.78710157556
0.39727881092371	7.1715765574253	118.75041381022
0.39830272538485	11.418634994242	119.57610822703
0.39932663984600	15.138255394635	118.20026807003
0.40035055430714	17.247394340491	115.20480358904
0.40137446876829	17.116898036429	111.65778957597
0.40239838322943	14.763099185738	108.80897101302
0.40342229769057	10.853753939450	107.72709353467
0.40444621215172	6.5235062016509	108.98415032668
0.40547012661286	3.0496666065191	112.47966798178
0.40649404107400	1.4807781430013	117.45877335649
0.40751795553515	2.3258011070625	122.72203785074
0.40854186999629	5.3958575119783	126.96899412515
0.40956578445743	9.8474431701275	129.17714566489
0.41058969891858	14.417952964777	128.90622195921
0.41161361337972	17.787975829026	126.43737747953
0.41263752784086	18.966603479322	122.70371750175
0.41366144230201	17.587441489101	119.02878451619
0.41468535676315	14.027132634215	116.74609044539
0.41570927122430	9.3085304709825	116.80887154973
0.41673318568544	4.8129575992156	119.50406709360
0.41775710014658	1.8822605100451	124.35610920835
0.41878101460773	1.4250786276165	130.25216158022
0.41980492906887	3.6426192765257	135.75625787747
0.42082884353001	7.9564150595850	139.52393536763
0.42185275799116	13.163001854839	140.69791092593
0.42287667245230	17.774547863332	139.16864086590
0.42390058691344	20.449290153400	135.62092486198
0.42492450137459	20.387522176961	131.34879543985
0.42594841583573	17.576555891437	127.88838037177
0.42697233029688	12.809998925289	126.57264666486
0.42799624475802	7.4712533101997	128.13682840492
0.42902015921916	3.1399291968614	132.49105789684
0.43004407368031	1.1328527055241	138.73011823646
0.43106798814145	2.1127307795960	145.38225532571
0.43209190260259	5.8804346098077	150.82907080950
0.43311581706374	11.415498874801	153.77706231500
0.43413973152488	17.158123778283	153.64380043778
0.43516364598602	21.455146721988	150.74386659013
0.43618756044717	23.042833327801	146.21587351799
0.43721147490831	21.425870952961	141.70643349730
0.43823538936945	17.039329927952	138.89842196503
0.43925930383060	11.141450919568	139.01834348726
0.44028321829174	5.4627822106729	142.46665261477
0.44130713275289	1.7090796786359	148.68203930310
0.44233104721403	1.0603502942588	156.28464605779
0.44335496167517	3.8127267398993	163.46252093177
0.44437887613632	9.2713440851447	168.49358740946
0.44540279059746	15.931351925326	170.25328209606
0.44642670505860	21.900673257405	168.55876914384
0.44745061951975	25.446252609949	164.24504385207
0.44847453398089	25.506604960366	158.94430806812
0.44949844844203	22.019634413899	154.62622847399
0.45052236290318	15.965195686663	153.02809794195
0.45154627736432	9.1030041535844	155.13927551909
0.45257019182546	3.4752678034210	160.89237940848
0.45359410628661	0.81404097519088	169.15688750078
0.45461802074775	2.0246866975022	178.04458226982
0.45564193520890	6.8988342794528	185.44515196466
0.45666584967004	14.146865545060	189.64075738218
0.45768976413118	21.748644669929	189.82136547568
0.45871367859233	27.527921025576	186.34711787687
0.45973759305347	29.787816367613	180.67411065737
0.46076150751461	27.822608372557	174.95639036957
0.46178542197576	22.152338009408	171.43220604094
0.46280933643690	14.403858575584	171.76870904677
0.46383325089804	6.8634876983387	176.55623236973
0.46485716535919	1.8233806253389	185.10471788249
0.46588107982033	0.90762639425640	195.61055304935
0.46690499428147	4.5752735533260	205.65541956258
0.46792890874262	11.951263443947	212.90031890062
0.46895282320376	21.044479709810	215.77675224068
0.46997673766491	29.300349923853	213.97206299127
0.47100065212605	34.335774274204	208.56028635817
0.47202456658719	34.646116635668	201.72934081189
0.47304848104834	30.075791780517	196.17228143544
0.47407239550948	21.906895616206	194.31094728723
0.47509630997062	12.527813939141	197.57474653130
0.47612022443177	4.7657437857898	205.94819068504
0.47714413889291	1.0683376895806	217.92879629900
0.47816805335405	2.7699541075094	230.92118517699
0.47919196781520	9.6609243636902	241.96609474166
0.48021588227634	19.996630168961	248.60137142555
0.48123979673749	30.958769244421	249.60643019701
0.48226371119863	39.448927749148	245.40733012586
0.48328762565977	42.992892114858	238.01144795329
0.48431154012092	40.493808488252	230.47414712768
0.48533545458206	32.607267013785	226.03727342698
0.48635936904320	21.614088647328	227.18071446477
0.48738328350435	10.809426268912	234.86269503241
0.48840719796549	3.5694609769751	248.17943541287
0.48943111242663	2.3577634116640	264.56050425737
0.49045502688778	7.9612629169815	280.46346094499
0.49147894134892	19.189795241639	292.38338113931
0.49250285581006	33.146490156777	297.89303115607
0.49352677027121	46.013053669818	296.40887098175
0.49455068473235	54.140518587727	289.44591036929
0.49557459919350	55.137513971542	280.26449906980
0.49659851365464	48.635590844157	272.98648473634
0.49762242811578	36.491916688583	271.41735161554
0.49864634257693	22.344132791717	277.90783615422
0.49967025703807	10.618483613919	292.59210392677
0.50069417149921	5.2575236034130	313.24467106194
0.50171808596036	8.5286367545331	335.82808669448
0.50274200042150	20.268340847675	355.60411219878
0.50376591488264	37.806956694224	368.50946292124
0.50478982934379	56.630875647039	372.40446926151
0.50581374380493	71.626159498807	367.82013533241
0.50683765826607	78.568406695102	357.95652699424
0.50786157272722	75.433514439717	347.89174778693
0.50888548718836	63.133028690015	343.19006936401
0.50990940164951	45.424111070998	348.28465682498
0.51093331611065	27.971649020816	365.09819359903
0.51195723057179	16.787200190142	392.32256308080
0.51298114503294	16.465765369813	425.61140337455
0.51400505949408	28.727017788726	458.68798410161
0.51502897395522	51.711211278586	485.10315687889
0.51605288841637	80.289162818298	500.17043760080
0.51707680287751	107.36708629780	502.52125662511
0.51810071733865	125.87524663660	494.79519858758
0.51912463179980	130.90741801794	483.19727225840
0.52014854626094	121.39435781026	475.96442451625
0.52117246072208	100.78250297524	481.10434023878
0.52219637518323	76.435977642887	504.01027877208
0.52322028964437	57.827168563502	545.64199680957
0.52424420410552	53.937752923807	601.85870600954
0.52526811856666	70.558326322117	664.21029219438
0.52629203302780	108.26893985771	722.10241416935
0.52731594748895	161.76497480806	765.84968325542
0.52833986195009	220.87839381418	789.82918374864
0.52936377641123	273.20389007544	794.83521929019
0.53038769087238	307.78252959999	788.86133504123
0.53141160533352	318.94420407608	785.88295724812
0.53243551979466	309.26714203161	802.70862863664
0.53345943425581	290.73249249552	854.49072967234
0.53448334871695	283.52398695752	949.90306775229
0.53550726317810	312.46996065350	1087.1867590381
0.53653117763924	401.72046991358	1252.1712279852
0.53755509210038	568.74858725315	1418.9973315559
0.53857900656153	819.03129471420	1553.6803857960
0.53960292102267	1142.7212417455	1619.9847729675
0.54062683548381	1514.2585117311	1586.4973659355
0.54165074994496	1895.2619968242	1433.4302157316
0.54267466440610	2240.3171368400	1157.6505102513
0.54369857886724	2504.6075050597	774.74951214975
0.54472249332839	2651.8817453637	317.56116151359
0.54574640778953	2661.1180913720	-168.70567256436
0.54677032225067	2530.4846009667	-633.82061038396
0.54779423671182	2277.7470986148	-1030.9204368617
0.54881815117296	1937.0257879378	-1324.2486453216
0.54984206563411	1552.5757548969	-1494.6991207533
0.55086598009525	1170.8896429380	-1542.0956508294
0.55188989455639	832.75160611579	-1483.8476810355
0.55291380901754	566.83817399431	-1350.3982393047
0.55393772347868	386.07752627315	-1178.5449042615
0.55496163793982	287.33905374597	-1004.1202790947
0.55598555240097	254.28284654847	-855.57940835615
0.55700946686211	262.52696467383	-749.75536897907
0.55803338132325	285.84050992667	-690.48975580355
0.55905729578440	301.93689649854	-670.16130062754
0.56008121024554	296.64041917916	-673.48800520665
0.56110512470668	265.66688761393	-682.51535414441
0.56212903916783	213.87106040481	-681.52411136439
0.56315295362897	152.41649631806	-660.72191211917
0.56417686809012	94.773713563277	-617.97333193327
0.56520078255126	52.651251307372	-558.36287092223
0.56622469701240	32.879292737528	-491.93335956368
0.56724861147355	35.936522833746	-430.36354078851
0.56827252593469	56.335726296841	-383.54709369941
0.56929644039583	84.590986893573	-356.97648264169
0.57032035485698	110.10475205768	-350.55094551827
0.57134426931812	124.12715635517	-359.00609596295
0.57236818377926	121.98738976679	-373.72044197421
0.57339209824041	104.05004079197	-385.30735591805
0.57441601270155	75.229057267295	-386.23392310662
0.57543992716269	43.290664786334	-372.75320976111
0.57646384162384	16.487837166620	-345.66889744792
0.57748775608498	1.2153147626175	-309.79802744388
0.57851167054613	0.32624119317691	-272.35958103443
0.57953558500727	12.533088229252	-240.79588531854
0.58055949946841	32.994845039330	-220.65975043924
0.58158341392956	54.861601753047	-214.14699485439
0.58260732839070	71.296903617758	-219.64536737512
0.58363124285184	77.391747451387	-232.37145617484
0.58465515731299	71.443784832501	-245.86314572636
0.58567907177413	55.276885373916	-253.86993045806
0.58670298623527	33.557789454343	-252.09500881108
0.58772690069642	12.347110398902	-239.30962844960
0.58875081515756	-2.6757928621699	-217.55643261328
0.58977472961871	-7.8030000220144	-191.42478963517
0.59079864407985	-2.2656316693245	-166.64070868087
0.59182255854099	11.666650365189	-148.39531359376
0.59284647300214	29.447022765789	-139.89178178591
0.59387038746328	45.625776125962	-141.51052312241
0.59489430192442	55.427257208372	-150.80367202092
0.59591821638557	56.077802275329	-163.28932651725
0.59694213084671	47.519496776466	-173.79242243776
0.59796604530785	32.330342955595	-177.93451448841
0.59898995976900	14.900999503129	-173.34674365951
0.60001387423014	0.12591207318275	-160.27276906320
0.60103778869128	-8.0050823182139	-141.41150001607
0.60206170315243	-7.5131143044779	-121.06878324312
0.60308561761357	1.0689004044665	-103.88004842871
0.60410953207472	14.923990190926	-93.478926460871
0.60513344653586	29.820746308544	-91.490682247846
0.60615736099700	41.359233598472	-97.126133762493
0.60718127545815	46.228879544713	-107.47375298200
0.60820518991929	43.121062179359	-118.38717416691
0.60922910438043	33.046946783876	-125.69954815549
0.61025301884158	18.986536616503	-126.41091650736
0.61127693330272	4.9865388145872	-119.51194477982
0.61230084776386	-5.0220808588047	-106.21938985340
0.61332476222501	-8.3434151624362	-89.571443166156
0.61434867668615	-4.2559833817103	-73.514168249308
0.61537259114729	5.8288772608100	-61.751558959748
0.61639650560844	18.820629809092	-56.692288119050
0.61742042006958	30.871469538715	-58.790779711475
0.61844433453073	38.493051595148	-66.461127219880
0.61946824899187	39.545358959292	-76.575308979296
0.62049216345301	33.818713346574	-85.390606948058
0.62151607791416	23.051926855705	-89.632376267907
0.62253999237530	10.393572647237	-87.420015060576
0.62356390683644	-0.52816081515903	-78.775298337327
0.62458782129759	-6.6534935979092	-65.576696794749
0.62561173575873	-6.3554330220852	-50.984009697318
0.62663565021987	0.12258241249642	-38.508167110739
0.62765956468102	10.772358074721	-30.998788171636
0.62868347914216	22.429273413840	-29.840246867403
0.62970739360330	31.699960571928	-34.581957937461
0.63073130806445	35.938320501679	-43.100444301799
0.63175522252559	33.990055029358	-52.237152249707
0.63277913698674	26.497044410109	-58.721158920558
0.63380305144788	15.682304091901	-60.107946235234
0.63482696590902	4.6860033649351	-55.465515282234
0.63585088037017	-3.3499197599329	-45.615903370411
0.63687479483131	-6.1824996262634	-32.870440648522
0.63789870929245	-3.0963772364186	-20.342793827384
0.63892262375360	4.9151688843596	-11.043170505460
0.63994653821474	15.461518832331	-7.0163783697997
0.64097045267588	25.461574623429	-8.7697733308788
0.64199436713703	32.037790013548	-15.150431810567
0.64301828159817	33.338583326687	-23.699972590900
0.64404219605932	29.054687495684	-31.378381495464
0.64506611052046	20.485990902347	-35.444197377855
0.64609002498160	10.146117898835	-34.236724795067
0.64711393944275	1.0244807964764	-27.637566749614
0.64813785390389	-4.2780761148499	-17.083650303694
0.64916176836503	-4.2906730863610	-5.1340579969380
0.65018568282618	0.91999568390110	5.2792990382039
0.65120959728732	9.7883175608787	11.698305213115
0.65223351174846	19.717904682302	12.838659419988
0.65325742620961	27.839647173265	8.9444667093848
0.65428134067075	31.838790907617	1.7000015926115
0.65530525513189	30.613079043019	-6.2707073283846
0.65632916959304	24.575252711203	-12.168097286522
0.65735308405418	15.517308744864	-13.822880162261
0.65837699851533	6.0804508789636	-10.311876174948
0.65940091297647	-1.0128247479867	-2.2093810125626
0.66042482743761	-3.7416365853828	8.5940210358938
0.66144874189876	-1.3598828765224	19.448555942767
0.66247265635990	5.4025346515420	27.714478218527
0.66349657082104	14.564293592944	31.520529191847
0.66452048528219	23.474270273508	30.294141132274
0.66554439974333	29.579752251366	24.913539656112
0.66656831420447	31.158988365056	17.441800805422
0.66759222866562	27.808209704410	10.523185640507
0.66861614312676	20.545667866851	6.6181597400336
0.66964005758790	11.506357664137	7.2981205095556
0.67066397204905	3.3187274384510	12.801707273810
0.67168788651019	-1.6549251721956	21.977731280938
0.67271180097134	-1.9951690988279	32.627768156674
0.67373571543248	2.3742754736883	42.146699841145
0.67475962989362	10.175301088079	48.274877484834
0.67578354435477	19.153308423209	49.745088061690
0.67680745881591	26.732678705733	46.639430737042
0.67783137327705	30.759509814774	40.355888691878
0.67885528773820	30.117728327019	33.197132909848
0.67987920219934	25.042625074698	27.702387845974
0.68090311666048	17.043967092062	25.916025366702
0.68192703112163	8.4634914746827	28.803323577491
0.68295094558277	1.7963234090876	35.980132830230
0.68397486004391	-1.0272792329674	45.831984256602
0.68499877450506	0.80663156267005	55.985925840029
0.68602268896620	6.7683519372915	63.997391203834
0.68704660342735	15.144582702236	68.053564617955
0.68807051788849	23.537628254465	67.491182646790
0.68909443234963	29.558446152102	62.981159838218
0.69011834681078	31.513462859805	56.328884658113
0.69114226127192	28.887976127011	49.949606826583
0.69216617573306	22.488402986624	46.171253924103
0.69319009019421	14.204252705176	46.565740105745
0.69421400465535	6.4600275226333	51.500636465992
0.69523791911649	1.5158903725100	60.038899631319
0.69626183357764	0.81858832358681	70.213874521580
0.69728574803878	4.5887849613023	79.598976054473
0.69830966249993	11.762304342983	86.007247128335
0.69933357696107	20.300742552116	88.119412697398
0.70035749142221	27.780853339353	85.860375517949
0.70138140588336	32.092471386920	80.416971471501
0.70240532034450	32.044217214061	73.893128141263
0.70342923480564	27.703386522147	68.702620865254
0.70445314926679	20.373266653929	66.874576303873
0.70547706372793	12.215449089295	69.471359304544
0.70650097818907	5.6265333401056	76.285648794510
0.70752489265022	2.5487764625372	85.902952722202
0.70854880711136	3.9127282915640	96.110755238635
0.70957272157250	9.3715566453170	104.53609953660
0.71059663603365	17.402743557538	109.32814501031
0.71162055049479	25.747306598717	109.68970835909
0.71264446495594	32.059945936392	106.10547162775
0.71366837941708	34.583231792409	100.20178679608
0.71469229387822	32.652323332157	94.278753504007
0.71571620833937	26.885550768233	90.649177006660
0.71674012280051	19.006423800628	90.974248244489
0.71776403726165	11.348357274004	95.786565198842
0.71878795172280	6.1843394428941	104.33727745650
0.71981186618394	5.0738912889839	114.81115209449
0.72083578064508	8.4146621328637	124.84787781386
0.72185969510623	15.327343446763	132.22014510458
0.72288360956737	23.907071045012	135.47407792524
0.72390752402851	31.769465855684	134.34830442878
0.72493143848966	36.734985050049	129.85127509244
0.72595535295080	37.455491711739	123.97426073840
0.72697926741195	33.803295795447	119.12182075068
0.72800318187309	26.910732149049	117.42257843393
0.72902709633423	18.848272896970	120.11767793809
0.73005101079538	12.032680938563	127.20239983904
0.73107492525652	8.5342096749542	137.42426756044
0.73209883971766	9.4811479419154	148.63913073239
0.73312275417881	14.732640789254	158.42422079475
0.73414666863995	22.914393407284	164.77332568103
0.73517058310109	31.808283637302	166.67518845020
0.73619449756224	38.985589462105	164.40899190513
0.73721841202338	42.503425649572	159.47114856267
0.73824232648452	41.465193499505	154.15277033512
0.73926624094567	36.283912881103	150.88720521665
0.74029015540681	28.571564030085	151.55333353128
0.74131406986796	20.684150612936	156.93386245570
0.74233798432910	15.050788469104	166.48456150470
0.74336189879024	13.477568161194	178.48234123205
0.74438581325139	16.625255723799	190.51218701962
0.74540972771253	23.811440548413	200.15587837611
0.74643364217367	33.196018015084	205.68687980976
0.74745755663482	42.299795698963	206.57268343246
0.74848147109596	48.710508366697	203.63943566880
0.74950538555710	50.775902143237	198.84900279685
0.75052930001825	48.085628941487	194.74886806562
0.75155321447939	41.602290430584	193.74914061643
0.75257712894054	33.400840258582	197.43166039647
0.75360104340168	26.086894895067	206.08894250685
0.75462495786282	22.056768351302	218.62709540942
0.75564887232397	22.808848051883	232.86445335382
0.75667278678511	28.503556225352	246.14521413663
0.75769670124625	37.900536135864	256.09670075540
0.75872061570740	48.695767800879	261.31592404534
0.75974453016854	58.167709665324	261.78860082313
0.76076844462968	63.952408938563	258.91739410737
0.76179235909083	64.728375034569	255.14568027053
0.76281627355197	60.614566268846	253.27802357572
0.76384018801311	53.163501906727	255.68629901269
0.76486410247426	44.944773810237	263.62585748959
0.76588801693540	38.830552811955	276.85851734929
0.76691193139655	37.181240451408	293.69537196111
0.76793584585769	41.161309811917	311.45522633485
0.76895976031883	50.382734943262	327.21644602084
0.76998367477998	62.984349649737	338.65438451688
0.77100758924112	76.134105033944	344.72804071099
0.77203150370226	86.821083757033	346.01726015452
0.77305541816341	92.719082086224	344.60631193788
0.77407933262455	92.878189119865	343.53563280373
0.77510324708569	88.043456069133	345.96623892977
0.77612716154684	80.499994958954	354.28628764876
0.77715107600798	73.474931190305	369.41185714278
0.77817499046912	70.252640590243	390.48637686601
0.77919890493027	73.245305866471	415.07681219842
0.78022281939141	83.281083046718	439.82778185458
0.78124673385256	99.319618089089	461.40454369055
0.78227064831370	118.69178311344	477.46862527652
0.78329456277484	137.81678496131	487.41130385466
0.78431847723599	153.21404508354	492.62750357258
0.78534239169713	162.53724120900	496.23269024218
0.78636630615827	165.34007564558	502.27714936870
0.78739022061942	163.34529380230	514.65508931381
0.78841413508056	160.11638407254	536.00076959420
0.78943804954170	160.19305681168	566.88243659489
0.79046196400285	167.90454040537	605.53887897540
0.79148587846399	186.17716472128	648.26687009513
0.79250979292513	215.67464778665	690.39399720219
0.79353370738628	254.54107408328	727.60496825096
0.79455762184742	298.87122053507	757.27495582910
0.79558153630857	343.84476106945	779.43376914952
0.79660545076971	385.27661963069	797.05201784380
0.79762936523085	421.20303398502	815.49296291531
0.79865327969200	453.07840118910	841.17733181384
0.79967719415314	486.21776832713	879.71463087046
0.80070110861428	529.27474420932	933.91237835504
0.80172502307543	592.76175628964	1002.1430043012
0.80274893753657	686.84973170209	1077.5058890196
0.80377285199771	818.87334447552	1148.0738805533
0.80479676645886	991.06980881148	1198.2896139554
0.80582068092000	1199.0667306112	1211.3256720905
0.80684459538115	1431.5064120688	1172.0002699792
0.80786850984229	1670.9753057947	1069.6975342877
0.80889242430343	1896.1440339297	900.71229274795
0.80991633876458	2084.7721176333	669.53237558551
0.81094025322572	2217.0467449709	388.76857325109
0.81196416768686	2278.6466423225	77.702518285398
0.81298808214801	2262.9673316480	-240.30885791413
0.81401199660915	2172.1029838891	-541.11318295614
0.81503591107029	2016.4187495394	-803.14049466495
0.81605982553144	1812.8155107130	-1010.2836053026
0.81708373999258	1582.0309701545	-1153.7937596798
0.81810765445372	1345.4883230276	-1232.9047879362
0.81913156891487	1122.2650198032	-1254.1478020206
0.82015548337601	926.70112827699	-1229.5635319385
0.82117939783716	767.01542032246	-1174.2113518146
0.82220331229830	645.08310422033	-1103.4768852731
0.82322722675944	557.29888945067	-1030.6780667737
0.82425114122059	496.25037011060	-965.36953117193
0.82527505568173	452.79777390630	-912.57400750606
0.82629897014287	418.11827736148	-872.96694091601
0.82732288460402	385.32725565278	-843.85068469923
0.82834679906516	350.41660411017	-820.61546098332
0.82937071352630	312.41906082498	-798.32063434419
0.83039462798745	272.87843843636	-773.04862151553
0.83141854244859	234.84249592594	-742.77383993463
0.83244245690973	201.67165367062	-707.62493209284
0.83346637137088	175.96177927417	-669.56668413499
0.83449028583202	158.81817951116	-631.65515157237
0.83551420029317	149.61013569228	-597.09937281033
0.83653811475431	146.20901567912	-568.38208162365
0.83756202921545	145.59829153525	-546.65106272092
0.83858594367660	144.66584162195	-531.50665167795
0.83960985813774	140.96261048677	-521.20298949518
0.84063377259888	133.23899370678	-513.17785685881
0.84165768706003	121.64064066853	-504.75197310819
0.84268160152117	107.53887296824	-493.80892020659
0.84370551598231	93.063633937278	-479.28530786980
0.84472943044346	80.476569583763	-461.35975117738
0.84575334490460	71.553089139043	-441.31182911414
0.84677725936574	67.129768873522	-421.10688290566
0.84780117382689	66.922793645184	-402.82842592848
0.84882508828803	69.648807001679	-388.11184258746
0.84984900274918	73.401158758486	-377.72477044284
0.85087291721032	76.171790832792	-371.39505882139
0.85189683167146	76.376870893239	-367.91921822605
0.85292074613261	73.249549645440	-365.51086854438
0.85394466059375	67.003079884424	-362.28858144092
0.85496857505489	58.730622741150	-356.77042201263
0.85599248951604	50.077535785214	-348.24561547243
0.85701640397718	42.779848832405	-336.93015954785
0.85804031843832	38.194494599174	-323.87253845166
0.85906423289947	36.945211082700	-310.64205681320
0.86008814736061	38.774178395978	-298.88837934587
0.86111206182176	42.632957743791	-289.89235407389
0.86213597628290	46.982374677831	-284.22748104294
0.86315989074404	50.216475506347	-281.61933143120
0.86418380520519	51.094677689657	-281.03583293143
0.86520771966633	49.066454138999	-280.97931193415
0.86623163412747	44.403756965998	-279.89799883736
0.86725554858862	38.109263653637	-276.60428545243
0.86827946304976	31.629081267046	-270.58711537271
0.86930337751090	26.450566518469	-262.13606508245
0.87032729197205	23.695638773817	-252.24652479220
0.87135120643319	23.819677305113	-242.33480728792
0.87237512089433	26.496182576150	-233.84299119909
0.87339903535548	30.716157747286	-227.84221550356
0.87442294981662	35.072613394262	-224.74237868264
0.87544686427777	38.150587952995	-224.18619040790
0.87647077873891	38.915089825896	-225.15460063753
0.87749469320005	36.990861904211	-226.25273736022
0.87851860766120	32.758275295278	-226.09640079597
0.87954252212234	27.240548177351	-223.69221883448
0.88056643658348	21.814874561950	-218.70702416795
0.88159035104463	17.828213550334	-211.55308222945
0.88261426550577	16.224264757463	-203.26686986148
0.88363817996691	17.284530000868	-195.21609916745
0.88466209442806	20.554405843390	-188.71691186458
0.88568600888920	24.973827531728	-184.66764829611
0.88670992335034	29.175312372283	-183.30060865414
0.88773383781149	31.865994838357	-184.12019055200
0.88875775227263	32.187194258314	-186.04387674168
0.88978166673378	29.951578384517	-187.70615722932
0.89080558119492	25.692258834868	-187.84024918848
0.89182949565606	20.510649957333	-185.63098695662
0.89285341011721	15.766039129574	-180.94047232123
0.89387732457835	12.693925908036	-174.34372176600
0.89490123903949	12.059984551353	-166.96469650092
0.89592515350064	13.946445839959	-160.15892865286
0.89694906796178	17.730564033005	-155.13186415795
0.89797298242292	22.260991190861	-152.60001271406
0.89899689688407	26.182380948946	-152.58996462527
0.90002081134521	28.316941590157	-154.43163373088
0.90104472580635	27.995647511272	-156.94753166551
0.90206864026750	25.245938112261	-158.78476451942
0.90309255472864	20.783069772507	-158.79625816094
0.90411646918979	15.807543876858	-156.36379596164
0.90514038365093	11.665685764121	-151.57176582702
0.90616429811207	9.4690964125183	-145.18253116854
0.90718821257322	9.7804074465401	-138.42027315142
0.90821212703436	12.454173480214	-132.62424922475
0.90923604149550	16.678011212566	-128.86939540804
0.91025995595665	21.202533831629	-127.66157395683
0.91128387041779	24.695191582675	-128.79381157101
0.91230778487893	26.117942506150	-131.40443454085
0.91333169934008	25.021753071408	-134.22088321767
0.91435561380122	21.674307471730	-135.92032820872
0.91537952826237	16.984446886956	-135.50495361760
0.91640344272351	12.244465780688	-132.58540694129
0.91742735718465	8.7631464453053	-127.49176565183
0.91845127164580	7.4936045802607	-121.18018940883
0.91947518610694	8.7617245433797	-114.96141788291
0.92049910056808	12.172606318263	-110.12798549187
0.92152301502923	16.721994668379	-107.58601445515
0.92254692949037	21.081394969522	-107.59640051723
0.92357084395151	23.976056098857	-109.69932219710
0.92459475841266	24.548347032384	-112.84397960063
0.92561867287380	22.602937811657	-115.68705090614
0.92664258733494	18.663612495331	-116.97516812190
0.92766650179609	13.825065315995	-115.90252900471
0.92869041625723	9.4414666166331	-112.34155731145
0.92971433071838	6.7402789752640	-106.88046633803
0.93073824517952	6.4713904032649	-100.65651420770
0.93176215964066	8.6918610170280	-95.032047219974
0.93278607410181	12.748132803487	-91.205470260060
0.93380998856295	17.461311353272	-89.868146815756
0.93483390302409	21.463102326907	-91.005432529108
0.93585781748524	23.586754495677	-93.899131431925
0.93688173194638	23.201339719333	-97.331231808099
0.93790564640752	20.393568347186	-99.931196716585
0.93892956086867	15.944671227560	-100.56782661137
0.93995347532981	11.108374952150	-98.673644665724
0.94097738979095	7.2529650750564	-94.408722360691
0.94200130425210	5.4695549888934	-88.616549471614
0.94302521871324	6.2586852190944	-82.583971304183
0.94404913317439	9.3852952894110	-77.673394689977
0.94507304763553	13.944147690406	-74.932292579625
0.94609696209667	18.617592456049	-74.791887673552
0.94712087655782	22.052352297862	-76.941693310047
0.94814479101896	23.247632007342	-80.416442551803
0.94916870548010	21.843249238702	-83.871134288727
0.95019261994125	18.224796380676	-85.965871286390
0.95121653440239	13.415070487997	-85.750394872267
0.95224044886353	8.7822507931762	-82.937935903575
0.95326436332468	5.6480151349816	-77.989401946440
0.95428827778582	4.9078015711823	-71.983110214133
0.95531219224696	6.7723180992770	-66.306779481018
0.95633610670811	10.704951765969	-62.259674756488
0.95736002116925	15.573706670860	-60.678914447028
0.95838393563040	19.974722673860	-61.697402529360
0.95940785009154	22.634967176418	-64.703395369661
0.96043176455268	22.778612461548	-68.514001220694
0.96145567901383	20.351645632056	-71.713452706504
0.96247959347497	16.039648356200	-73.059443804637
0.96350350793611	11.072931093716	-71.840908532770
0.96452742239726	6.8743442210909	-68.084171394003
0.96555133685840	4.6505385518752	-62.547649276634
0.96657525131954	5.0440754082954	-56.505902758605
0.96759916578069	7.9466973463138	-51.384447476262
0.96862308024183	12.528053131624	-48.349901965582
0.96964699470298	17.472357080438	-47.973277673965
0.97067090916412	21.355584377282	-50.063587135479
0.97169482362526	23.055104634404	-53.720266207056
0.97271873808641	22.073926609793	-57.590082965719
0.97374265254755	18.685887959213	-60.255273860408
0.97476656700869	13.859347836527	-60.641592280824
0.97579048146984	8.9805787012359	-58.328815924899
0.97681439593098	5.4558247992052	-53.673928013391
0.97783831039212	4.3062343623651	-47.710823214428
0.97886222485327	5.8723418442943	-41.854639963246
0.97988613931441	9.7136380724385	-37.495215572009
0.98091005377555	14.732863371242	-35.596418899583
0.98193396823670	19.490006189889	-36.416848540472
0.98295788269784	22.616187008463	-39.432828797669
0.98398179715899	23.208487920514	-43.486623239979
0.98500571162013	21.091844739607	-47.117948771417
0.98602962608127	16.872024242986	-48.983876891304
0.98705354054242	11.763661829638	-48.246377717783
0.98807745500356	7.2421328655693	-44.815648404453
0.98910136946470	4.6190082224998	-39.378541496878
0.99012528392585	4.6632475257435	-33.203120667738
0.99114919838699	7.3775421249549	-27.774902186874
0.99217311284813	11.994874339631	-24.369089323806
0.99319702730928	17.197080361658	-23.681952310730
0.99422094177042	21.493172546373	-25.627898305903
0.99524485623156	23.648861569699	-29.361369997549
0.99626877069271	23.043549337343	-33.518067316879
0.99729268515385	19.851534650606	-36.606689536977
0.99831659961500	14.994514126427	-37.438713299268
0.99934051407614	9.8782581423136	-35.472334579377
1.0003644285373	5.9886671467762	-30.971017539407
1.0013883429984	4.4632682842878	-24.930228564434
1.0024122574596	5.7617243641042	-18.792663388165
1.0034361719207	9.5308031989073	-14.033391086740
1.0044600863819	14.703478842507	-11.734179978192
1.0054840008430	19.804403144088	-12.269827284478
1.0065079153041	23.374317747400	-15.197431941198
1.0075318297653	24.391326547434	-19.381299512249
1.0085557442264	22.567412590614	-23.318267558765
1.0095796586876	18.434157753669	-25.570255699299
1.0106035731487	13.192167625303	-25.179553962219
1.0116274876099	8.3668298605421	-21.946898400107
1.0126514020710	5.3691000466369	-16.491566491271
1.0136753165321	5.0877824141221	-10.075369812628
1.0146992309933	7.6311308930670	-4.2405250239988
1.0157231454544	12.292901997803	-0.36530102920746
1.0167470599156	17.753449910890	0.73455024351293
1.0177709743767	22.458624661853	-0.95666069354988
1.0187948888379	25.067692242589	-4.6471895944683
1.0198188032990	24.841183600831	-8.9635904953543
1.0208427177602	21.856474673501	-12.345179728768
1.0218666322213	16.988254407280	-13.493913259060
1.0228905466824	11.658712662212	-11.749965007590
1.0239144611436	7.4287943027163	-7.2843024225998
