#Parameters = {xdip=0; ydip=0}
#"Frequency / GHz"	"Z [Re]"	"Z [Im]"
#-----------------------------------
0.0000000000000	0.00055300761772597	-7.3843814506611e-12
0.0010239144611436	0.0010968593195457	0.061787088331843
0.0020478289222872	0.0028506766925754	0.12311180926086
0.0030717433834308	0.0053375660041488	0.18307920431605
0.0040956578445743	0.0072151718322030	0.24172065964585
0.0051195723057179	0.0080605670776221	0.30033213543707
0.0061434867668615	0.0088838722448146	0.35946958715770
0.0071674012280051	0.010092922571332	0.41831113556077
0.0081913156891487	0.010857485820311	0.47663809898082
0.0092152301502923	0.011047953285490	0.53536383507547
0.010239144611436	0.011615545442242	0.59459100447050
0.011263059072579	0.012616814222150	0.65337689633959
0.012286973533723	0.013113198251292	0.71174239545341
0.013310887994867	0.013202343702135	0.77063937832133
0.014334802456010	0.013846714429548	0.82990567132920
0.015358716917154	0.014819513067826	0.88857965107257
0.016382631378297	0.015163554360596	0.94695824053320
0.017406545839441	0.015245824659295	1.0059935390809
0.018430460300585	0.016008647067749	1.0652498511884
0.019454374761728	0.016945973911887	1.1237990300025
0.020478289222872	0.017145480198574	1.1822174732141
0.021502203684015	0.017251042555268	1.2413977346125
0.022526118145159	0.018128765330083	1.3006286821133
0.023550032606302	0.018997872272248	1.3590741313038
0.024573947067446	0.019052643698150	1.4175832305082
0.025597861528590	0.019206072928289	1.4769270688011
0.026621775989733	0.020187262781818	1.5361298077710
0.027645690450877	0.020955375841617	1.5945079133940
0.028669604912020	0.020872534586890	1.6531654513741
0.029693519373164	0.021100518783460	1.7126908916866
0.030717433834308	0.022171050201476	1.7718667713952
0.031741348295451	0.022809479197217	1.8302217749723
0.032765262756595	0.022604703473777	1.8890854894088
0.033789177217738	0.022934982243505	1.9488055495491
0.034813091678882	0.024077427226046	2.0079579832384
0.035837006140025	0.024561553067424	2.0663397198137
0.036860920601169	0.024257770801689	2.1254649751002
0.037884835062313	0.024717059725232	2.1853871376290
0.038908749523456	0.025909950284944	2.2445222263956
0.039932663984600	0.026219288854582	2.3029857408085
0.040956578445743	0.025845510972002	2.3624246559386
0.041980492906887	0.026457729024106	2.4225514559697
0.043004407368031	0.027675120004160	2.4816793296430
0.044028321829174	0.027793477513228	2.5402850581405
0.045052236290318	0.027383694141145	2.6000863350756
0.046076150751461	0.028168498494524	2.6604166585023
0.047100065212605	0.029379968489036	2.7195532886607
0.048123979673749	0.029295939575685	2.7783675856369
0.049147894134892	0.028888395721163	2.8385767504244
0.050171808596036	0.029860327874833	2.8991074228747
0.051195723057179	0.031031596579823	2.9582763418267
0.052219637518323	0.030739338469760	3.0173717037395
0.053243551979466	0.030375804036433	3.0780311842121
0.054267466440610	0.031543391936329	3.1387585610075
0.055291380901754	0.032636854191223	3.1979926433329
0.056315295362897	0.032136712527717	3.2574481770457
0.057339209824041	0.031861790965857	3.3185978626129
0.058363124285184	0.033227041802190	3.3795198201966
0.059387038746328	0.034202758858566	3.4388630973057
0.060410953207472	0.033502061717150	3.4987648204607
0.061434867668615	0.033362395391787	3.5604425734302
0.062458782129759	0.034920091385898	3.6215606576660
0.063482696590902	0.035736564635930	3.6810705152725
0.064506611052046	0.034850360585145	3.7415123411440
0.065530525513189	0.034894254268518	3.8037552780984
0.066554439974333	0.036632062499515	3.8650771733813
0.067578354435477	0.037247596513718	3.9248262230853
0.068602268896620	0.036199268735914	3.9859104616018
0.069626183357764	0.036475645141970	4.0487562208101
0.070650097818907	0.038373526162471	4.1102988533298
0.071674012280051	0.038747213388430	4.1703778951532
0.072697926741195	0.037569179364633	4.2322170259880
0.073721841202338	0.038127061310081	4.2957061865843
0.074745755663482	0.040157405673396	4.3574996420115
0.075769670124625	0.040250742870293	4.4180211616424
0.076793584585769	0.038985612133816	4.4807400668106
0.077817499046912	0.039873949554427	4.5449190077285
0.078841413508056	0.042001863497764	4.6070108397446
0.079865327969200	0.041780159630615	4.6681130110173
0.080889242430343	0.040481371557641	4.7318521480173
0.081913156891487	0.041748336718192	4.7967774946559
0.082937071352630	0.043931778187781	4.8592392291694
0.083960985813774	0.043366105356856	4.9210923869631
0.084984900274918	0.042099755345655	4.9860131664181
0.086008814736061	0.043793337623600	5.0517578598605
0.087032729197205	0.045984081982148	5.1146928337835
0.088056643658348	0.045053522798744	5.1775075947815
0.089080558119492	0.043900301012182	5.2438000444252
0.090104472580635	0.046069157389614	5.3104623466167
0.091128387041779	0.048214427579549	5.3740170105796
0.092152301502923	0.046909513551416	5.4380559979693
0.093176215964066	0.045967869883348	5.5059497992081
0.094200130425210	0.048662683795288	5.5736659759514
0.095224044886353	0.050706907244259	5.6380463747030
0.096247959347497	0.049034231309042	5.7036427131072
0.097271873808641	0.048426240412722	5.7734252244306
0.098295788269784	0.051704083323261	5.8423887405542
0.099319702730928	0.053593129803125	5.9078840651524
0.10034361719207	0.051582631259444	5.9754682927162
0.10136753165321	0.051463061582575	6.0475118467304
0.10239144611436	0.055394683934786	6.1180029484569
0.10341536057550	0.057083144002796	6.1850220768353
0.10443927503665	0.054800359778277	6.2551645209927
0.10546318949779	0.055372373649151	6.3299698447166
0.10648710395893	0.060055418513015	6.4024026968267
0.10751101842008	0.061519720368516	6.4715332005857
0.10853493288122	0.059087709294842	6.5450139536410
0.10955884734236	0.060632443417091	6.6232827372843
0.11058276180351	0.066218709884412	6.6982835583824
0.11160667626465	0.067484460197732	6.7703888812670
0.11263059072579	0.065125323016656	6.8483142694604
0.11365450518694	0.068056603321450	6.9310727188722
0.11467841964808	0.074804835534918	7.0096163736896
0.11570233410923	0.076003533173292	7.0860085577823
0.11672624857037	0.074124644842613	7.1700199481059
0.11775016303151	0.079103423253639	7.2588420573783
0.11877407749266	0.087495239066206	7.3425010444653
0.11979799195380	0.088992544073130	7.4252587287879
0.12082190641494	0.088374959634626	7.5179227886353
0.12184582087609	0.096559148423692	7.6153576524678
0.12286973533723	0.10756727028603	7.7067911867754
0.12389364979837	0.11027766695319	7.7993939388667
0.12491756425952	0.11253511870708	7.9049910830325
0.12594147872066	0.12619406444662	8.0154445474851
0.12696539318180	0.14198416285540	8.1194325070934
0.12798930764295	0.14824070859139	8.2281220741546
0.12901322210409	0.15708300210213	8.3543612556330
0.13003713656524	0.18131130288561	8.4860602504111
0.13106105102638	0.20732888172908	8.6118821334866
0.13208496548752	0.22363692322775	8.7488674422148
0.13310887994867	0.24894702440614	8.9109839709692
0.13413279440981	0.29738789719745	9.0807577871867
0.13515670887095	0.34988820968880	9.2481270947912
0.13618062333210	0.39761334631890	9.4396957470318
0.13720453779324	0.47188949185673	9.6707178738634
0.13822845225438	0.59109897874655	9.9155305525272
0.13925236671553	0.73228715182231	10.168145160767
0.14027628117667	0.90210905385793	10.471229127669
0.14130019563781	1.1693319299099	10.835603264589
0.14232411009896	1.5790376809461	11.207558011209
0.14334802456010	2.1342570949760	11.563878015970
0.14437193902125	2.9285081001532	11.902601667339
0.14539585348239	4.1274445118808	12.022498870728
0.14641976794353	5.6244979923965	11.477635110266
0.14744368240468	6.8251566076229	10.013481059480
0.14846759686582	7.0541335335026	8.0244606646013
0.14949151132696	6.2213131580369	6.3369625256104
0.15051542578811	4.9013224981844	5.4812658503679
0.15153934024925	3.7287197167489	5.3354913514855
0.15256325471039	2.9005382735902	5.4871968188187
0.15358716917154	2.2965344059328	5.7079870058980
0.15461108363268	1.8287696909052	5.9792536752113
0.15563499809382	1.5030346646913	6.2761028089263
0.15665891255497	1.2860045788144	6.5333087398710
0.15768282701611	1.1057264819118	6.7476910923520
0.15870674147726	0.94797228903496	6.9619360845020
0.15973065593840	0.83912313677917	7.1736130141596
0.16075457039954	0.76536982612697	7.3510063226280
0.16177848486069	0.69030576719102	7.5036318637791
0.16280239932183	0.61833168901096	7.6617947783713
0.16382631378297	0.57266871862060	7.8181609061965
0.16485022824412	0.54164191275467	7.9501992649082
0.16587414270526	0.50162585773402	8.0691903636897
0.16689805716640	0.46193639511496	8.1965103489718
0.16792197162755	0.44050768186782	8.3221662000832
0.16894588608869	0.42553468427228	8.4294191642509
0.16996980054984	0.40030938817740	8.5301641886323
0.17099371501098	0.37584743536759	8.6398435701022
0.17201762947212	0.36559888585388	8.7472901006279
0.17304154393327	0.35757020717254	8.8401066487663
0.17406545839441	0.33973322155853	8.9303760604680
0.17508937285555	0.32369162982978	9.0292324737603
0.17611328731670	0.31926128408949	9.1250912706171
0.17713720177784	0.31447901772547	9.2090042115302
0.17816111623898	0.30085212966665	9.2929539937216
0.17918503070013	0.29003783109495	9.3847292666751
0.18020894516127	0.28886570117926	9.4727706137910
0.18123285962241	0.28563076457072	9.5509664071176
0.18225677408356	0.27467845359782	9.6309742931645
0.18328068854470	0.26739983301171	9.7178658604890
0.18430460300585	0.26812522896095	9.8003953248986
0.18532851746699	0.26559966411246	9.8748324318840
0.18635243192813	0.25651983127081	9.9523287382662
0.18737634638928	0.25178828454641	10.035693522964
0.18840026085042	0.25361869083735	10.114204288148
0.18942417531156	0.25136617886464	10.186153414414
0.19044808977271	0.24370816308273	10.262038149617
0.19147200423385	0.24089324162306	10.342760361650
0.19249591869499	0.24333573929645	10.418279856605
0.19351983315614	0.24113403740265	10.488609819945
0.19454374761728	0.23464163621877	10.563467749378
0.19556766207842	0.23332044954543	10.642140937395
0.19659157653957	0.23605413445670	10.715397501445
0.19761549100071	0.23379083959429	10.784713626314
0.19863940546186	0.22829995501857	10.858930162826
0.19966331992300	0.22815836197082	10.935976213966
0.20068723438414	0.23096367560588	11.007523047388
0.20171114884529	0.22859888685509	11.076271856967
0.20273506330643	0.22401241869660	11.150106566805
0.20375897776757	0.22481588980718	11.225828990350
0.20478289222872	0.22754122556033	11.296088667870
0.20580680668986	0.22507101077071	11.364597366545
0.20683072115100	0.22131871584788	11.438224601456
0.20785463561215	0.22287605801404	11.512856723562
0.20887855007329	0.22541586168470	11.582171889299
0.20990246453443	0.22286390216414	11.650689284984
0.21092637899558	0.21989660439215	11.724225244310
0.21195029345672	0.22204952760611	11.797949907133
0.21297420791787	0.22433058606904	11.866602156129
0.21399812237901	0.22173450473035	11.935318053195
0.21502203684015	0.21951165120064	12.008840290567
0.21604595130130	0.22212443321062	12.081809570900
0.21706986576244	0.22409894175566	12.150038501750
0.21809378022358	0.22150676837440	12.219100096299
0.21911769468473	0.21999464207230	12.292659897399
0.22014160914587	0.22295197119481	12.365003486256
0.22116552360701	0.22459313118670	12.433012273430
0.22218943806816	0.22205558760027	12.502529300696
0.22321335252930	0.22121714511215	12.576159447637
0.22423726699045	0.22441481178320	12.647996858642
0.22526118145159	0.22571256320280	12.715967410760
0.22628509591273	0.22328553608825	12.786025366101
0.22730901037388	0.22308633985289	12.859746575741
0.22833292483502	0.22643434772549	12.931186688163
0.22935683929616	0.22739205189958	12.999277424413
0.23038075375731	0.22512889596921	13.069938924412
0.23140466821845	0.22552962293594	13.143765993765
0.23242858267959	0.22894787328393	13.214916008699
0.23345249714074	0.22958221134984	13.283271055667
0.23447641160188	0.22753751998966	13.354582248886
0.23550032606302	0.22849849276810	13.428525058318
0.23652424052417	0.23191716075650	13.499487382625
0.23754815498531	0.23225283606795	13.568234796788
0.23857206944646	0.23047553617102	13.640228823432
0.23959598390760	0.23195291487563	13.714299488844
0.24061989836874	0.23531251031528	13.785178950304
0.24164381282989	0.23538484982579	13.854436303578
0.24266772729103	0.23392256782322	13.927136358084
0.24369164175217	0.23587272819768	14.001348407192
0.24471555621332	0.23912516162998	14.072248337031
0.24573947067446	0.23897664385103	14.142119497637
0.24676338513560	0.23787017415846	14.215539087919
0.24778729959675	0.24024476276353	14.289910827191
0.24881121405789	0.24334993230341	14.360938755040
0.24983512851903	0.24302994653933	14.431521528175
0.25085904298018	0.24231807909628	14.505671057907
0.25188295744132	0.24507156428330	14.580226522803
0.25290687190247	0.24800158002253	14.651489483054
0.25393078636361	0.24756464276869	14.722870772243
0.25495470082475	0.24727974592284	14.797756729859
0.25597861528590	0.25036622660808	14.872527894643
0.25700252974704	0.25310380568953	14.944135394157
0.25802644420818	0.25260902140944	15.016394596834
0.25905035866933	0.25277815933863	15.092022934311
0.26007427313047	0.25615371557776	15.167051556577
0.26109818759161	0.25869396882862	15.239115742993
0.26212210205276	0.25820569099349	15.312324556521
0.26314601651390	0.25885060001184	15.388700436364
0.26416993097504	0.26247181204166	15.464037941309
0.26519384543619	0.26481931174983	15.536675971832
0.26621775989733	0.26440649497298	15.610904528394
0.26724167435848	0.26554861921587	15.688038066194
0.26826558881962	0.26938013204444	15.763745345606
0.26928950328076	0.27155225478639	15.837074168171
0.27031341774191	0.27128591173476	15.912387162640
0.27133733220305	0.27294249299983	15.990294428665
0.27236124666419	0.27695571678787	16.066445686090
0.27338516112534	0.27898408553456	16.140585645390
0.27440907558648	0.27894002239284	16.217044275200
0.27543299004762	0.28112623657353	16.295747223719
0.27645690450877	0.28529878081786	16.372429648895
0.27748081896991	0.28722698965461	16.447507752668
0.27850473343106	0.28748715117870	16.525177240256
0.27952864789220	0.29022431066581	16.604709636287
0.28055256235334	0.29455037935783	16.682021708870
0.28157647681449	0.29643886723911	16.758164022636
0.28260039127563	0.29708876746728	16.837107230049
0.28362430573677	0.30039853389439	16.917513908410
0.28464822019792	0.30488431775449	16.995569875430
0.28567213465906	0.30680910619071	17.072909236456
0.28669604912020	0.30794100312948	17.153195341930
0.28771996358135	0.31185256399472	17.234539089082
0.28874387804249	0.31652523017408	17.313472608310
0.28976779250363	0.31858712463968	17.392149390164
0.29079170696478	0.32030864156603	17.473851501396
0.29181562142592	0.32486386981723	17.556207328523
0.29283953588707	0.32976999221510	17.636166657222
0.29386345034821	0.33208935386627	17.716331796029
0.29488736480935	0.33452369408688	17.799538268365
0.29591127927050	0.33978748197721	17.883004464991
0.29693519373164	0.34500790453944	17.964155625979
0.29795910819278	0.34773583958369	18.045967581901
0.29898302265393	0.35102775651299	18.130779377668
0.30000693711507	0.35709262099857	18.215478398498
0.30103085157621	0.36274868504285	18.298008382159
0.30205476603736	0.36607530754963	18.381636829969
0.30307868049850	0.37040068856304	18.468170745734
0.30410259495964	0.37739651090291	18.554252197213
0.30512650942079	0.38365988509732	18.638373484505
0.30615042388193	0.38782682797247	18.724006266581
0.30717433834308	0.39341013718979	18.812401479420
0.30819825280422	0.40152424088200	18.900044850686
0.30922216726536	0.40863567133601	18.985995846017
0.31024608172651	0.41395443781862	19.073841325828
0.31126999618765	0.42109118509475	19.164263267103
0.31229391064879	0.43059524164554	19.253678478877
0.31331782510994	0.43889080388214	19.341719310131
0.31434173957108	0.44576515898053	19.432002234257
0.31536565403222	0.45484336045965	19.524643810992
0.31638956849337	0.46611973669426	19.616078766067
0.31741348295451	0.47606695280350	19.706502239224
0.31843739741565	0.48504117474526	19.799472459759
0.31946131187680	0.49659923978530	19.894553975503
0.32048522633794	0.51020100891514	19.988283568823
0.32150914079909	0.52245510507964	20.081399090498
0.32253305526023	0.53426894316714	20.177318570214
0.32355696972137	0.54905724510441	20.275079987364
0.32458088418252	0.56578192198134	20.371399817390
0.32560479864366	0.58127332342334	20.467524538576
0.32662871310480	0.59696442406364	20.566653216219
0.32765262756595	0.61606373287100	20.667331187097
0.32867654202709	0.63708681047401	20.766522340832
0.32970045648823	0.65716860192891	20.865932720582
0.33072437094938	0.67823504823056	20.968466692468
0.33174828541052	0.70323639342429	21.072217842087
0.33277219987167	0.73031084945224	21.174453936474
0.33379611433281	0.75698330464879	21.277275519619
0.33482002879395	0.78564221005453	21.383214007033
0.33584394325510	0.81894644212094	21.489946904300
0.33686785771624	0.85474458602504	21.595077888163
0.33789177217738	0.89104037920084	21.701011047016
0.33891568663853	0.93066271253248	21.809812489892
0.33993960109967	0.97597296485418	21.918754175093
0.34096351556081	1.0246402130315	22.025755943647
0.34198743002196	1.0752388928395	22.133377727630
0.34301134448310	1.1310230831616	22.243078339440
0.34403525894424	1.1940750710167	22.351664296181
0.34505917340539	1.2620104860508	22.457239762230
0.34608308786653	1.3340525502036	22.562234729853
0.34710700232768	1.4138329268988	22.667202635725
0.34813091678882	1.5031216668418	22.768226152458
0.34915483124996	1.5995012632828	22.863206747431
0.35017874571111	1.7027324055557	22.953860716693
0.35120266017225	1.8164890959649	23.039198312369
0.35222657463339	1.9417607066282	23.113923090332
0.35325048909454	2.0754401216287	23.174919478169
0.35427440355568	2.2167093768070	23.222237950270
0.35529831801682	2.3675501272441	23.252518750163
0.35632223247797	2.5258287925102	23.258594981315
0.35734614693911	2.6846907777636	23.236346400315
0.35837006140025	2.8388032327954	23.185162119599
0.35939397586140	2.9838850527955	23.102114950237
0.36041789032254	3.1102915271483	22.983464290052
0.36144180478369	3.2044308726742	22.832228571768
0.36246571924483	3.2565145252910	22.658023753762
0.36348963370597	3.2611734751542	22.470865227672
0.36451354816712	3.2131636524105	22.281789184536
0.36553746262826	3.1105495018119	22.107085547480
0.36656137708940	2.9610412119406	21.963696829602
0.36758529155055	2.7785428128607	21.860813075928
0.36860920601169	2.5750006824697	21.801011173619
0.36963312047283	2.3607171095150	21.786106423589
0.37065703493398	2.1482788410600	21.815315687390
0.37168094939512	1.9485600667363	21.881174837452
0.37270486385627	1.7651786802513	21.974270691694
0.37372877831741	1.5984154644313	22.089601848445
0.37475269277855	1.4509837210998	22.223507908405
0.37577660723970	1.3247581701965	22.368958596990
0.37680052170084	1.2164682385579	22.519670089930
0.37782443616198	1.1223306854680	22.674664882286
0.37884835062313	1.0427777325379	22.833704800863
0.37987226508427	0.97803285600898	22.992848312932
0.38089617954541	0.92410361525469	23.149046266045
0.38192009400656	0.87771101224365	23.303923675755
0.38294400846770	0.84000719971459	23.458658484223
0.38396792292884	0.81141883104688	23.610408014999
0.38499183738999	0.78834716637018	23.757528651082
0.38601575185113	0.76854395962021	23.902608595897
0.38703966631228	0.75395370929260	24.046939721676
0.38806358077342	0.74510437249771	24.187856274606
0.38908749523456	0.73867806225045	24.324399483017
0.39011140969571	0.73325848545850	24.459493670328
0.39113532415685	0.73127875320822	24.594106776768
0.39215923861799	0.73311929942183	24.725515998717
0.39318315307914	0.73560398607078	24.853248003298
0.39420706754028	0.73798065349810	24.980337116816
0.39523098200142	0.74294074859187	25.107301348609
0.39625489646257	0.75056696160531	25.231351449204
0.39727881092371	0.75777559892082	25.352453392674
0.39830272538485	0.76438308933064	25.473644755621
0.39932663984600	0.77318348600450	25.594966454102
0.40035055430714	0.78388882488739	25.713617625095
0.40137446876829	0.79351621456136	25.829992698231
0.40239838322943	0.80239392460519	25.947059240640
0.40342229769057	0.81330620029513	26.064388080649
0.40444621215172	0.82556856474307	26.179236251205
0.40547012661286	0.83633609399101	26.292414899875
0.40649404107400	0.84640560827723	26.406755882531
0.40751795553515	0.85845970859455	26.521381813755
0.40854186999629	0.87141715239236	26.633679708130
0.40956578445743	0.88262046235019	26.744860581416
0.41058969891858	0.89329727265052	26.857560246848
0.41161361337972	0.90595329386301	26.970482703702
0.41263752784086	0.91912756287649	27.081209463731
0.41366144230201	0.93039882428097	27.191324209442
0.41468535676315	0.94138253652521	27.303213815830
0.41570927122430	0.95434450287395	27.415205466700
0.41673318568544	0.96747888045735	27.525134109495
0.41775710014658	0.97865064255982	27.634916125208
0.41878101460773	0.98981406888275	27.746637265410
0.41980492906887	1.0029368717175	27.858295108087
0.42082884353001	1.0159091294148	27.968032038362
0.42185275799116	1.0269264434596	28.078054058260
0.42287667245230	1.0382310249875	28.190104213450
0.42390058691344	1.0514487920871	28.301904094703
0.42492450137459	1.0642182341337	28.411945447323
0.42594841583573	1.0751031262484	28.522669048618
0.42697233029688	1.0865746937493	28.635438196633
0.42799624475802	1.0998788319692	28.747756935346
0.42902015921916	1.1124580599048	28.858500965775
0.43004407368031	1.1232721484230	28.970288528962
0.43106798814145	1.1349584949817	29.084078325525
0.43209190260259	1.1483567652057	29.197222582492
0.43311581706374	1.1607779538271	29.309007433769
0.43413973152488	1.1716015469801	29.422165621595
0.43516364598602	1.1835682369389	29.537230720477
0.43618756044717	1.1970938715017	29.651465562192
0.43721147490831	1.2094198262378	29.764579872515
0.43823538936945	1.2203533826970	29.879357244019
0.43925930383060	1.2326715370609	29.995900767585
0.44028321829174	1.2463613431478	30.111452509564
0.44130713275289	1.2586624677845	30.226149664281
0.44233104721403	1.2698110311078	30.342759305477
0.44335496167517	1.2825522709941	30.460955509026
0.44437887613632	1.2964471224677	30.578027805114
0.44540279059746	1.3088004528644	30.694536709191
0.44642670505860	1.3202703583998	30.813167314479
0.44745061951975	1.3335055015970	30.933174383386
0.44847453398089	1.3476525598624	31.051958935442
0.44949844844203	1.3601439831905	31.170490570663
0.45052236290318	1.3720423003899	31.291311670583
0.45154627736432	1.3858397929200	31.413278797954
0.45257019182546	1.4002932670625	31.533963625869
0.45359410628661	1.4130213717393	31.654717039603
0.45461802074775	1.4254597897912	31.777879716593
0.45564193520890	1.4398839789919	31.901943431608
0.45666584967004	1.4546941561667	32.024711808435
0.45768976413118	1.4677549348364	32.147884933825
0.45871367859233	1.4808432304527	32.273545840221
0.45973759305347	1.4959663741847	32.399855299746
0.46076150751461	1.5112054621911	32.524896026947
0.46178542197576	1.5247154096739	32.650674854354
0.46280933643690	1.5385666281781	32.778973439631
0.46383325089804	1.5544530561622	32.907673040840
0.46485716535919	1.5701890597739	33.035182649824
0.46588107982033	1.5842671695240	33.163764665248
0.46690499428147	1.5990014102218	33.294854212727
0.46792890874262	1.6157304646458	33.426102657021
0.46895282320376	1.6320520880692	33.556283603364
0.46997673766491	1.6468310068589	33.687863891177
0.47100065212605	1.6625719083555	33.821901314662
0.47202456658719	1.6802304732799	33.955872785728
0.47304848104834	1.6972455559934	34.088942137238
0.47407239550948	1.7128778177510	34.223721311189
0.47509630997062	1.7297618951751	34.360868967695
0.47612022443177	1.7484503123484	34.497749407464
0.47714413889291	1.7662851447525	34.633935239887
0.47816805335405	1.7829389830977	34.772121689710
0.47919196781520	1.8011141503182	34.912555734684
0.48021588227634	1.8209502875067	35.052552780350
0.48123979673749	1.8397572909634	35.192102336162
0.48226371119863	1.8576258475985	35.333918921203
0.48328762565977	1.8772626162853	35.477835272971
0.48431154012092	1.8983959041839	35.621182240068
0.48533545458206	1.9183697583203	35.764361848134
0.48635936904320	1.9376868892873	35.910040049365
0.48738328350435	1.9589893137209	36.057642822645
0.48840719796549	1.9816021132073	36.204586579318
0.48943111242663	2.0029736408513	36.351678481122
0.49045502688778	2.0240119773686	36.501467965281
0.49147894134892	2.0472299847957	36.652981693599
0.49250285581006	2.0715586224779	36.803782709361
0.49352677027121	2.0946071590040	36.955072238906
0.49455068473235	2.1176734653346	37.109232596078
0.49557459919350	2.1430947863883	37.264915535200
0.49659851365464	2.1694422536153	37.419878763548
0.49762242811578	2.1945398350503	37.575677658265
0.49864634257693	2.2200346272394	37.734468689580
0.49967025703807	2.2480271870076	37.894568083557
0.50069417149921	2.2767660294728	38.053990307997
0.50171808596036	2.3043503309097	38.214611790267
0.50274200042150	2.3327464053798	38.378309423983
0.50376591488264	2.3637734419596	38.543096828505
0.50478982934379	2.3953979192331	38.707285179985
0.50581374380493	2.4260344655386	38.873025575693
0.50683765826607	2.4579199739352	39.041875273303
0.50786157272722	2.4925542165010	39.211597194263
0.50888548718836	2.5276782351247	39.380838065857
0.50990940164951	2.5620644204998	39.551966625106
0.51093331611065	2.5981672345563	39.726179049046
0.51195723057179	2.6371319054326	39.901040065768
0.51298114503294	2.6765316784405	40.075563733382
0.51400505949408	2.7155309955148	40.252276684013
0.51502897395522	2.7567465083463	40.431980435448
0.51605288841637	2.8009433161176	40.612095878341
0.51707680287751	2.8455886297889	40.792025525959
0.51810071733865	2.8902658871161	40.974388098776
0.51912463179980	2.9376964703177	41.159559669637
0.52014854626094	2.9882441850273	41.344865812258
0.52117246072208	3.0393225204747	41.530106070392
0.52219637518323	3.0909409482591	41.717931586457
0.52322028964437	3.1458689967601	41.908285379355
0.52424420410552	3.2040734960521	42.098450980636
0.52526811856666	3.2629810796795	42.288608229762
0.52629203302780	3.3230192087860	42.481355940176
0.52731594748895	3.3869252482375	42.676193193433
0.52833986195009	3.4542594704493	42.870422212977
0.52936377641123	3.5225201155725	43.064594294358
0.53038769087238	3.5925415489265	43.261182422263
0.53141160533352	3.6669576079448	43.459236939457
0.53243551979466	3.7449201549427	43.656127134754
0.53345943425581	3.8240442840655	43.852749412458
0.53448334871695	3.9055364454544	44.051377984105
0.53550726317810	3.9918442879221	44.250620492799
0.53653117763924	4.0817025900170	44.447961801465
0.53755509210038	4.1728656056867	44.644617311103
0.53857900656153	4.2668515130474	44.842613252929
0.53960292102267	4.3658390514388	45.040154523604
0.54062683548381	4.4681530624975	45.234902311634
0.54165074994496	4.5717083104588	45.428359116433
0.54267466440610	4.6782540219671	45.622259740787
0.54369857886724	4.7896002289401	45.814470305925
0.54472249332839	4.9036612759320	46.002917755370
0.54574640778953	5.0185288524817	46.189392957792
0.54677032225067	5.1361081988598	46.375338687716
0.54779423671182	5.2577655562943	46.558386255134
0.54881815117296	5.3810359588848	46.736843486413
0.54984206563411	5.5042331589848	46.912811964317
0.55086598009525	5.6293790843208	47.087463620656
0.55188989455639	5.7573647755980	47.258307262223
0.55291380901754	5.8854084199476	47.424142634367
0.55393772347868	6.0121102197416	47.587415371654
0.55496163793982	6.1396115787882	47.749077941190
0.55598555240097	6.2683755006354	47.906639236308
0.55700946686211	6.3954452173449	48.059467605001
0.55803338132325	6.5198218544705	48.210332002257
0.55905729578440	6.6438043439543	48.359969466531
0.56008121024554	6.7675137924683	48.505959839961
0.56110512470668	6.8879902285626	48.648246537432
0.56212903916783	7.0047572753363	48.789825031149
0.56315295362897	7.1203025028972	48.931149835094
0.56417686809012	7.2344726402825	49.069869295344
0.56520078255126	7.3444328881055	49.206439263972
0.56622469701240	7.4502911873447	49.343943737919
0.56724861147355	7.5547106017674	49.482471303157
0.56827252593469	7.6573073562405	49.619710495410
0.56929644039583	7.7554647634382	49.756518457894
0.57032035485698	7.8498695118525	49.895884107804
0.57134426931812	7.9432603167524	50.037426661186
0.57236818377926	8.0349752319404	50.178854236036
0.57339209824041	8.1226207118498	50.321354047486
0.57441601270155	8.2073960248513	50.467709235146
0.57543992716269	8.2920027782898	50.617041523500
0.57646384162384	8.3754656448996	50.767098440320
0.57748775608498	8.4556143107224	50.919338476856
0.57851167054613	8.5340657302199	51.076250194830
0.57953558500727	8.6133454072435	51.236474569815
0.58055949946841	8.6921192529478	51.397873703195
0.58158341392956	8.7684468489981	51.562179084439
0.58260732839070	8.8443022866756	51.731554082385
0.58363124285184	8.9219553083933	51.904201855956
0.58465515731299	8.9997101189416	52.078155749875
0.58567907177413	9.0758564552334	52.255401387535
0.58670298623527	9.1526426672595	52.437771274160
0.58772690069642	9.2320207904761	52.623127172183
0.58875081515756	9.3119896052659	52.809756824018
0.58977472961871	9.3911245928903	52.999862145766
0.59079864407985	9.4718885336107	53.194901316429
0.59182255854099	9.5558493065551	53.392460978395
0.59284647300214	9.6407373822838	53.591156007224
0.59387038746328	9.7254533798487	53.793382332718
0.59489430192442	9.8126239176473	54.000210285951
0.59591821638557	9.9034017148617	54.209032641688
0.59694213084671	9.9953221209093	54.418852685596
0.59796604530785	10.087673540539	54.632215880614
0.59898995976900	10.183214605004	54.849762953517
0.60001387423014	10.282656701970	55.068728245653
0.60103778869128	10.383377165764	55.288520019241
0.60206170315243	10.485052119637	55.511792762219
0.60308561761357	10.590512590254	55.738773095403
0.60410953207472	10.700039446339	55.966623013157
0.60513344653586	10.810949135091	56.195167050452
0.60615736099700	10.923334867665	56.427081648013
0.60718127545815	11.040029355529	56.662147655479
0.60820518991929	11.160858264538	56.897515255586
0.60922910438043	11.283132713246	57.133442656810
0.61025301884158	11.407372871027	57.372577532355
0.61127693330272	11.536365661979	57.614257007716
0.61230084776386	11.669497947820	57.855671944886
0.61332476222501	11.804142158790	58.097491379135
0.61434867668615	11.941230663208	58.342256426703
0.61537259114729	12.083431666092	58.588863186018
0.61639650560844	12.229697379729	58.834601641757
0.61742042006958	12.377514913786	59.080534386870
0.61844433453073	12.528205482152	59.329037625588
0.61946824899187	12.684264199688	59.578588436114
0.62049216345301	12.844244424104	59.826618227869
0.62151607791416	13.005799528989	60.074518210517
0.62253999237530	13.170566708346	60.324411262151
0.62356390683644	13.340754870748	60.574399232737
0.62458782129759	13.514533383291	60.822156560614
0.62561173575873	13.689808373729	61.069390439678
0.62663565021987	13.868528595271	61.317878948754
0.62765956468102	14.052541212427	61.565316983758
0.62868347914216	14.239589954192	61.809632067867
0.62970739360330	14.427792385934	62.052827597781
0.63073130806445	14.619319679720	62.296350377869
0.63175522252559	14.815619366603	62.537575039614
0.63277913698674	15.014070570825	62.774708775459
0.63380305144788	15.213004605948	63.009948196598
0.63482696590902	15.414660405990	63.244341014956
0.63585088037017	15.619927190095	63.475030701103
0.63687479483131	15.825786251923	63.700619539927
0.63789870929245	16.030764458238	63.923518189149
0.63892262375360	16.237061817699	64.144400739615
0.63994653821474	16.444910967111	64.360292968053
0.64097045267588	16.650868904633	64.570289951494
0.64199436713703	16.853583008706	64.777047941578
0.64301828159817	17.055038002890	64.980971062877
0.64404219605932	17.254673906067	65.179209341150
0.64506611052046	17.448599489859	65.371603997430
0.64609002498160	17.635559918664	65.561263444696
0.64711393944275	17.817265869670	65.748590779085
0.64813785390389	17.992384036260	65.931215665340
0.64916176836503	18.156683453504	66.110054770488
0.65018568282618	18.309088309499	66.288987795624
0.65120959728732	18.451129857123	66.468873788368
0.65223351174846	18.581001608930	66.648389544777
0.65325742620961	18.694657762611	66.830005652803
0.65428134067075	18.791793736442	67.018720295646
0.65530525513189	18.874411008640	67.216186340614
0.65632916959304	18.941078217331	67.422427697563
0.65735308405418	18.988969924657	67.641556717319
0.65837699851533	19.019628130349	67.879537871703
0.65940091297647	19.036639976288	68.138505238018
0.66042482743761	19.040186053345	68.419263231878
0.66144874189876	19.029889815703	68.726564720416
0.66247265635990	19.010110444850	69.065943047918
0.66349657082104	18.986670106135	69.438392151287
0.66452048528219	18.961725361477	69.843667059751
0.66554439974333	18.937286297009	70.285086854812
0.66656831420447	18.919850671069	70.765625733900
0.66759222866562	18.916229793616	71.283239255572
0.66861614312676	18.928906666808	71.835055997642
0.66964005758790	18.960242275787	72.421727810248
0.67066397204905	19.016467056693	73.042969689970
0.67168788651019	19.102854332325	73.693714986827
0.67271180097134	19.219863703829	74.369125980935
0.67373571543248	19.368135763043	75.068331685163
0.67475962989362	19.551900341459	75.789382852418
0.67578354435477	19.773682942961	76.526153405315
0.67680745881591	20.031323534216	77.273895138238
0.67783137327705	20.323605980502	78.032159808301
0.67885528773820	20.652969146523	78.799201353389
0.67987920219934	21.019840805580	79.569599025127
0.68090311666048	21.420528102551	80.340107280001
0.68192703112163	21.853200857177	81.111614207593
0.68295094558277	22.319676241597	81.883147788867
0.68397486004391	22.819425185882	82.650375805632
0.68499877450506	23.348381453703	83.411687311734
0.68602268896620	23.905139200497	84.169153153936
0.68704660342735	24.491726847491	84.922285441783
0.68807051788849	25.107382118480	85.667500653732
0.68909443234963	25.748303462834	86.404354920066
0.69011834681078	26.413934102181	87.135526626423
0.69114226127192	27.106721103117	87.860507835842
0.69216617573306	27.825830669567	88.576079594650
0.69319009019421	28.567895992847	89.282570736003
0.69421400465535	29.333279501711	89.982839094096
0.69523791911649	30.124819486831	90.676007743881
0.69626183357764	30.941601546614	91.358938739055
0.69728574803878	31.780670351241	92.032404959737
0.69830966249993	32.643151975808	92.699134049072
0.69933357696107	33.532074033400	93.357737585305
0.70035749142221	34.446374357842	94.005101416928
0.70138140588336	35.383514260227	94.642274031196
0.70240532034450	36.345265561107	95.271619081577
0.70342923480564	37.334640411098	95.891125986934
0.70445314926679	38.350315519947	96.497687726247
0.70547706372793	39.390120170736	97.092543561796
0.70650097818907	40.456343716593	97.677574707465
0.70752489265022	41.551825613176	98.250129670217
0.70854880711136	42.674926774289	98.807123774726
0.70957272157250	43.823817275602	99.349903280270
0.71059663603365	45.001172231915	99.879765442718
0.71162055049479	46.209510521406	100.39342830643
0.71264446495594	47.446842347005	100.88785528772
0.71366837941708	48.711653751809	101.36441004506
0.71469229387822	50.006859201606	101.82370666431
0.71571620833937	51.334496253918	102.26185355516
0.71674012280051	52.692174540030	102.67589203132
0.71776403726165	54.078638180943	103.06711951609
0.71878795172280	55.496848963938	103.43539812414
0.71981186618394	56.948169716603	103.77631099347
0.72083578064508	58.429770808437	104.08709012250
0.72185969510623	59.940671939482	104.36893704020
0.72288360956737	61.483786533685	104.62084412230
0.72390752402851	63.059596369237	104.83780140305
0.72493143848966	64.664587316957	105.01725014492
0.72595535295080	66.297811373012	105.16042055887
0.72697926741195	67.962005509435	105.26566729100
0.72800318187309	69.656845443932	105.32754336300
0.72902709633423	71.378202520421	105.34357630103
0.73005101079538	73.124904720163	105.31479713009
0.73107492525652	74.899014335282	105.23899867175
0.73209883971766	76.699097489858	105.11071347132
0.73312275417881	78.520452711880	104.92791425941
0.73414666863995	80.361758794922	104.69151009979
0.73517058310109	82.224266089629	104.39873559906
0.73619449756224	84.105193440284	104.04425058474
0.73721841202338	85.999081769363	103.62672340124
0.73824232648452	87.904318515955	103.14722394269
0.73926624094567	89.821250314698	102.60276185728
0.74029015540681	91.745757225301	101.98844327775
0.74131406986796	93.671629966477	101.30384748429
0.74233798432910	95.596836866924	100.55044100530
0.74336189879024	97.520685955846	99.725450955059
0.74438581325139	99.437810760725	98.824976951389
0.74540972771253	101.34152059952	97.849905516108
0.74643364217367	103.22957063612	96.802343183132
0.74745755663482	105.10033815089	95.680021021279
0.74848147109596	106.94736051509	94.480405422570
0.74950538555710	108.76368466319	93.206069086272
0.75052930001825	110.54711061001	91.860165623513
0.75155321447939	112.29547810303	90.441372824693
0.75257712894054	114.00178285359	88.948832732608
0.75360104340168	115.65930546644	87.386908189535
0.75462495786282	117.26620544975	85.759946722796
0.75564887232397	118.82018063302	84.067945687532
0.75667278678511	120.31442106309	82.312071200332
0.75769670124625	121.74332919808	80.498467835442
0.75872061570740	123.10610398314	78.632393137592
0.75974453016854	124.40074364549	76.714927186598
0.76076844462968	125.62107321723	74.749178401142
0.76179235909083	126.76320320751	72.743021665152
0.76281627355197	127.82810777211	70.702458712705
0.76384018801311	128.81488854633	68.629234270936
0.76486410247426	129.71863985018	66.527679669231
0.76588801693540	130.53742827977	64.406634407365
0.76691193139655	131.27405525715	62.272400871281
0.76793584585769	131.92904940123	60.127196476292
0.76895976031883	132.49944746669	57.976129653468
0.76998367477998	132.98582487416	55.828068255203
0.77100758924112	133.39287769627	53.688536507641
0.77203150370226	133.72230723657	51.559408088530
0.77305541816341	133.97284727834	49.446026063385
0.77407933262455	134.14745537574	47.356839645941
0.77510324708569	134.25270017685	45.296129094159
0.77612716154684	134.29148967176	43.264820877854
0.77715107600798	134.26414184301	41.267689078459
0.77817499046912	134.17553884558	39.311982031246
0.77919890493027	134.03348090001	37.400293638510
0.78022281939141	133.84163027534	35.532457802293
0.78124673385256	133.60169892918	33.712495888633
0.78227064831370	133.32032665063	31.946102114503
0.78329456277484	133.00628350902	30.233799282357
0.78431847723599	132.66369595762	28.573971675467
0.78534239169713	132.29532855814	26.969529560369
0.78636630615827	131.90915405467	25.424373430110
0.78739022061942	131.51461473858	23.936926459326
0.78841413508056	131.11633272694	22.504059644045
0.78943804954170	130.71828643532	21.127168771548
0.79046196400285	130.32973328603	19.807723959055
0.79148587846399	129.96056607812	18.541488289405
0.79250979292513	129.61577629435	17.323327289561
0.79353370738628	129.30053888949	16.152460608271
0.79455762184742	129.02530354756	15.027061285033
0.79558153630857	128.80023480745	13.939270173187
0.79660545076971	128.63051165878	12.880826408183
0.79762936523085	128.52221908601	11.847366523662
0.79865327969200	128.48646329016	10.832131762387
0.79967719415314	128.53293308800	9.8218448107382
0.80070110861428	128.66603907932	8.8030271429066
0.80172502307543	128.89137890335	7.7652647295784
0.80274893753657	129.21869539783	6.6941963667434
0.80377285199771	129.65463661862	5.5683541124946
0.80479676645886	130.19971074635	4.3659623036653
0.80582068092000	130.85491199328	3.0670168506753
0.80684459538115	131.62301832591	1.6457753018466
0.80786850984229	132.50023625085	0.068935985499711
0.80889242430343	133.47364499496	-1.6967322132502
0.80991633876458	134.52752686960	-3.6829144823023
0.81094025322572	135.64270990688	-5.9268139440921
0.81196416768686	136.78706649983	-8.4705636908825
0.81298808214801	137.91344887545	-11.351504345123
0.81401199660915	138.96597751806	-14.599394347985
0.81503591107029	139.87873719316	-18.240486170952
0.81605982553144	140.56796007324	-22.292130569575
0.81708373999258	140.93465429533	-26.749375463396
0.81810765445372	140.87638782648	-31.580482807684
0.81913156891487	140.29230244541	-36.729769818515
0.82015548337601	139.08454860300	-42.112766254705
0.82117939783716	137.17169675783	-47.608986463007
0.82220331229830	134.50807088135	-53.069689012429
0.82322722675944	131.09059679251	-58.335850016046
0.82425114122059	126.95639846661	-63.249372829476
0.82527505568173	122.18519436218	-67.661491491944
0.82629897014287	116.89929257285	-71.450913794550
0.82732288460402	111.24711894422	-74.541380395974
0.82834679906516	105.38090106869	-76.901725139264
0.82937071352630	99.446401263782	-78.536843800698
0.83039462798745	93.578072119485	-79.485432571999
0.83141854244859	87.886767312910	-79.816972380642
0.83244245690973	82.450315568492	-79.616311198375
0.83346637137088	77.319602552243	-78.968250974248
0.83449028583202	72.527683905997	-77.956086771433
0.83551420029317	68.088141903023	-76.662551000157
0.83653811475431	63.994051341425	-75.160807323016
0.83756202921545	60.228626647991	-73.507859479597
0.83858594367660	56.773958602729	-71.751094322612
0.83960985813774	53.607034512364	-69.933795775451
0.84063377259888	50.697243164044	-68.089101365367
0.84165768706003	48.015126226275	-66.236743472401
0.84268160152117	45.537535527817	-64.391526583479
0.84370551598231	43.240799889456	-62.568113726703
0.84472943044346	41.097716382860	-60.774154418342
0.84575334490460	39.085789591640	-59.007786799420
0.84677725936574	37.190454017723	-57.266238121342
0.84780117382689	35.397289649090	-55.548929402120
0.84882508828803	33.690201566375	-53.849762744809
0.84984900274918	32.060303179775	-52.155899233434
0.85087291721032	30.507975136587	-50.457229379789
0.85189683167146	29.034498785344	-48.748931646260
0.85292074613261	27.640903765909	-47.024292365804
0.85394466059375	26.335957675281	-45.275615820455
0.85496857505489	25.135067014567	-43.504383894761
0.85599248951604	24.049359469792	-41.722068735320
0.85701640397718	23.083514619328	-39.941109474636
0.85804031843832	22.242331218171	-38.174156458983
0.85906423289947	21.528404966985	-36.440535014452
0.86008814736061	20.933281602819	-34.762314149645
0.86111206182176	20.440166195367	-33.153376307458
0.86213597628290	20.034336759811	-31.620020640106
0.86315989074404	19.702775078550	-30.169085146745
0.86418380520519	19.427430912025	-28.805629396421
0.86520771966633	19.189504829229	-27.525460085028
0.86623163412747	18.978389202974	-26.319636734040
0.86725554858862	18.788095453970	-25.183698818887
0.86827946304976	18.609021388375	-24.114439789383
0.86930337751090	18.431994588037	-23.102561975440
0.87032729197205	18.255673097842	-22.137733776139
0.87135120643319	18.081190891772	-21.216416755950
0.87237512089433	17.904398575021	-20.336680125258
0.87339903535548	17.721161435462	-19.490987628183
0.87442294981662	17.534150525811	-18.672026187761
0.87544686427777	17.346520931793	-17.879419258980
0.87647077873891	17.155257119109	-17.113199640684
0.87749469320005	16.957841239455	-16.367439290515
0.87851860766120	16.758264079387	-15.637217963278
0.87954252212234	16.559697647222	-14.924399238693
0.88056643658348	16.358894370562	-14.230060499351
0.88159035104463	16.153923356891	-13.549157488555
0.88261426550577	15.949176571445	-12.878476856635
0.88363817996691	15.747172945911	-12.221356571113
0.88466209442806	15.544108735247	-11.579315358051
0.88568600888920	15.338374592196	-10.947953982788
0.88670992335034	15.134277679763	-10.325700289673
0.88773383781149	14.933050990396	-9.7172702877668
0.88875775227263	14.729598764681	-9.1246055881374
0.88978166673378	14.521492245471	-8.5440322045204
0.89080558119492	14.311157397862	-7.9753975784416
0.89182949565606	14.096221636756	-7.4237924891394
0.89285341011721	13.867688531212	-6.8894701279076
0.89387732457835	13.619688375758	-6.3657412981632
0.89490123903949	13.351060194758	-5.8477824161431
0.89592515350064	13.056905530639	-5.3325691030012
0.89694906796178	12.730280335785	-4.8092372272767
0.89797298242292	12.373875279947	-4.2607433329378
0.89899689688407	12.000182155798	-3.6764044394885
0.90002081134521	11.620460716478	-3.0537781042972
0.90104472580635	11.243330814243	-2.3903131741399
0.90206864026750	10.881706900978	-1.6845451667793
0.90309255472864	10.549010031262	-0.94398951315334
0.90411646918979	10.249228823083	-0.18065258188131
0.90514038365093	9.9804497942770	0.59998539706867
0.90616429811207	9.7453448166852	1.3963769216969
0.90718821257322	9.5483920003169	2.2015398210267
0.90821212703436	9.3870793845545	3.0067887663922
0.90923604149550	9.2564572416048	3.8106169111469
0.91025995595665	9.1581987874567	4.6137734029109
0.91128387041779	9.0954856351561	5.4102604937105
0.91230778487893	9.0642093821208	6.1926972594682
0.91333169934008	9.0586263032125	6.9608807634622
0.91435561380122	9.0796311129206	7.7158130592330
0.91537952826237	9.1283760960317	8.4517215080923
0.91640344272351	9.1984708892074	9.1628797813529
0.91742735718465	9.2831023739575	9.8513088210132
0.91845127164580	9.3825099031879	10.519512276342
0.91947518610694	9.4965145869573	11.163426476700
0.92049910056808	9.6178954793476	11.780293502227
0.92152301502923	9.7407046309967	12.375043610794
0.92254692949037	9.8664936679849	12.951714233925
0.92357084395151	9.9956026377015	13.507515964663
0.92459475841266	10.121667010589	14.041750251431
0.92561867287380	10.240873694238	14.560904844649
0.92664258733494	10.356793490506	15.069091006332
0.92766650179609	10.470659644963	15.563467256409
0.92869041625723	10.577170673973	16.044060671251
0.92971433071838	10.674483668173	16.517514765778
0.93073824517952	10.767565516124	16.986873530301
0.93176215964066	10.857812634370	17.448572581167
0.93278607410181	10.940424657175	17.902908341028
0.93380998856295	11.014968944990	18.356213024044
0.93483390302409	11.087104219788	18.810148945270
0.93585781748524	11.157740378469	19.260388998964
0.93688173194638	11.222111492813	19.707536157203
0.93790564640752	11.280742333409	20.157624986346
0.93892956086867	11.339506324332	20.611100325132
0.93995347532981	11.398550317191	21.063184291131
0.94097738979095	11.453071041893	21.514971395081
0.94200130425210	11.504394947505	21.972228830836
0.94302521871324	11.558336736428	22.434340923165
0.94404913317439	11.614168631291	22.896388302441
0.94507304763553	11.667122083389	23.360135877170
0.94609696209667	11.719304030629	23.831111298249
0.94712087655782	11.776348656041	24.307779416007
0.94814479101896	11.836692289327	24.785314850853
0.94916870548010	11.895757611528	25.266208384854
0.95019261994125	11.956411042501	25.755676622703
0.95121653440239	12.023957579602	26.251379238444
0.95224044886353	12.096043135678	26.748847474688
0.95326436332468	12.168502178292	27.251390452946
0.95428827778582	12.245057846129	27.763837063845
0.95531219224696	12.330653913603	28.283058117112
0.95633610670811	12.422202747615	28.805044157757
0.95736002116925	12.516056501377	29.333933125164
0.95838393563040	12.616796850122	29.874172688549
0.95940785009154	12.729046271306	30.421993899834
0.96043176455268	12.849219507393	30.973945821036
0.96145567901383	12.974384517401	31.534861847261
0.96247959347497	13.109923395499	32.108705463666
0.96350350793611	13.260096587993	32.691257789580
0.96452742239726	13.421101478834	33.279850129572
0.96555133685840	13.591099558145	33.879943452263
0.96657525131954	13.776426959949	34.494841878743
0.96759916578069	13.981064055769	35.119893601427
0.96862308024183	14.201264717584	35.753293787579
0.96964699470298	14.436632685766	36.401068220632
0.97067090916412	14.694734689637	37.065795329536
0.97169482362526	14.979672312731	37.742433513395
0.97271873808641	15.288403037251	38.429950246180
0.97374265254755	15.622609931400	39.134576583096
0.97476656700869	15.991599201951	39.857804820076
0.97579048146984	16.400286472689	40.593958150151
0.97681439593098	16.847381616213	41.342307879981
0.97783831039212	17.337776490723	42.108377301773
0.97886222485327	17.883567107708	42.891406846278
0.97988613931441	18.491686932426	43.683713864732
0.98091005377555	19.164029799360	44.482945486969
0.98193396823670	19.910045719982	45.291212459217
0.98295788269784	20.745711406520	46.102103302053
0.98398179715899	21.680858543651	46.901678615589
0.98500571162013	22.720907069979	47.680427588578
0.98602962608127	23.878924512666	48.430179062435
0.98705354054242	25.172043653983	49.131045160752
0.98807745500356	26.608246088693	49.754215580479
0.98910136946470	28.189032426575	50.273605637731
0.99012528392585	29.919852628610	50.661137192903
0.99114919838699	31.803243207062	50.874896263807
0.99217311284813	33.824819486236	50.865033330402
0.99319702730928	35.956492095499	50.586422293878
0.99422094177042	38.164730203481	49.994407142231
0.99524485623156	40.400486957379	49.037379228397
0.99626877069271	42.585667718893	47.669989972236
0.99729268515385	44.620204833003	45.872182070162
0.99831659961500	46.395535929747	43.651286250693
0.99934051407614	47.794627172334	41.042244357159
1.0003644285373	48.697102589619	38.123624039249
1.0013883429984	49.008253408414	35.026528809212
1.0024122574596	48.687633534139	31.913592365682
1.0034361719207	47.751469160723	28.948997746799
1.0044600863819	46.264548238898	26.283130042859
1.0054840008430	44.338263330823	24.038032326727
1.0065079153041	42.116736851552	22.283693148417
1.0075318297653	39.742559234180	21.030627718948
1.0085557442264	37.332463281860	20.251041093972
1.0095796586876	34.979805893373	19.898852882624
1.0106035731487	32.758006974584	19.910864029761
1.0116274876099	30.710477055649	20.212244996866
1.0126514020710	28.850956983092	20.736664242340
1.0136753165321	27.182488708336	21.434419729265
1.0146992309933	25.706387676160	22.260306930011
1.0157231454544	24.412637645329	23.170077405674
1.0167470599156	23.279992970211	24.133270943785
1.0177709743767	22.291917196156	25.134229238186
1.0187948888379	21.439586491739	26.156713728008
1.0198188032990	20.708431387206	27.181535185352
1.0208427177602	20.077886567877	28.199842019164
1.0218666322213	19.535911198088	29.212376177096
1.0228905466824	19.078512659157	30.214407555358
1.0239144611436	18.695231066720	31.196292903736
